100;38;62
99;61;23
98;91;84
97;10;2
96;82;40
95;36;80
94;8;67
93;82;42
92;61;38
91;78;62
90;44;92
89;17;74
88;47;92
87;29;78
86;86;88
85;81;20
84;85;46
83;16;3
82;41;32
81;42;57
80;77;93
79;40;95
78;63;98
77;53;10
76;19;21
75;52;64
74;44;37
73;4;98
72;56;13
71;11;3
70;88;25
69;57;38
68;39;92
67;57;59
66;48;49
65;12;6
64;68;17
63;97;57
62;83;90
61;9;56
60;88;75
59;73;43
58;63;5
57;48;11
56;38;93
55;37;59
54;52;64
53;85;50
52;8;70
51;24;7
50;68;5
49;76;94
48;78;37
47;88;99
46;7;9
45;36;83
44;32;92
43;4;42
42;38;68
41;78;20
40;18;56
39;7;49
38;6;2
37;22;46
36;73;46
35;88;92
34;53;52
33;85;88
32;5;70
31;19;0
30;50;77
29;90;36
28;15;36
27;70;0
26;92;33
25;86;65
24;63;98
23;27;8
22;4;58
21;89;69
20;46;70
19;6;14
18;39;82
17;77;13
16;37;9
15;62;5
14;86;37
13;84;57
12;1;22
11;49;15
10;93;29
9;53;37
8;71;91
7;68;28
6;0;65
5;58;20
4;95;58
3;38;55
2;18;59
1;57;36
100;94;10
99;53;29
98;29;30
97;70;68
96;87;38
95;36;78
94;98;80
93;55;49
92;48;8
91;98;84
90;12;78
89;87;67
88;75;87
87;29;24
86;33;10
85;51;15
84;98;45
83;91;33
82;87;0
81;4;85
80;86;25
79;19;65
78;4;27
77;8;30
76;7;100
75;98;75
74;63;58
73;25;21
72;56;20
71;12;31
70;64;88
69;1;84
68;69;90
67;4;1
66;52;59
65;72;82
64;5;76
63;7;7
62;30;38
61;56;5
60;0;79
59;84;0
58;18;33
57;63;43
56;36;72
55;69;8
54;16;19
53;60;30
52;40;88
51;71;18
50;41;72
49;69;56
48;12;9
47;74;40
46;96;39
45;88;35
44;2;52
43;76;67
42;44;51
41;2;38
40;28;81
39;72;81
38;86;86
37;8;23
36;63;6
35;6;63
34;73;20
33;51;39
32;30;93
31;21;33
30;18;47
29;56;26
28;52;88
27;84;1
26;74;32
25;88;35
24;48;85
23;19;41
22;70;48
21;73;69
20;66;11
19;17;97
18;55;63
17;9;74
16;84;2
15;43;28
14;33;71
13;43;33
12;96;56
11;2;8
10;80;45
9;41;19
8;62;28
7;56;5
6;49;56
5;70;92
4;28;70
3;34;54
2;66;15
1;82;69
100;26;52
99;80;93
98;9;3
97;9;88
96;44;27
95;93;45
94;6;89
93;77;56
92;57;28
91;68;62
90;35;18
89;86;66
88;46;48
87;75;10
86;71;18
85;69;48
84;85;10
83;23;84
82;84;63
81;97;4
80;32;16
79;79;52
78;18;69
77;65;29
76;56;69
75;42;16
74;88;86
73;69;26
72;69;69
71;60;11
70;39;84
69;75;89
68;61;19
67;6;37
66;77;20
65;98;16
64;88;23
63;57;0
62;89;35
61;5;62
60;57;21
59;22;3
58;75;83
57;95;48
56;42;10
55;78;31
54;89;87
53;64;62
52;26;66
51;39;87
50;68;84
49;82;62
48;81;63
47;64;88
46;30;7
45;76;42
44;57;15
43;29;55
42;98;91
41;33;0
40;58;43
39;5;64
38;44;82
37;32;73
36;22;13
35;10;47
34;53;28
33;59;27
32;74;15
31;79;77
30;84;33
29;9;13
28;21;52
27;40;12
26;29;49
25;7;84
24;34;66
23;45;19
22;69;37
21;11;75
20;22;48
19;97;72
18;32;94
17;2;79
16;1;27
15;41;36
14;52;98
13;23;51
12;13;33
11;52;80
10;24;49
9;91;22
8;35;33
7;30;42
6;25;29
5;53;87
4;84;1
3;58;84
2;79;30
1;81;93
100;51;62
99;58;53
98;66;32
97;29;65
96;78;30
95;90;67
94;43;20
93;23;75
92;28;40
91;42;59
90;60;23
89;41;28
88;41;68
87;55;71
86;55;41
85;28;31
84;21;24
83;15;27
82;74;40
81;18;74
80;74;3
79;93;6
78;14;88
77;11;62
76;14;31
75;66;73
74;79;83
73;70;1
72;33;55
71;55;69
70;38;64
69;36;23
68;64;83
67;8;8
66;19;98
65;0;39
64;81;19
63;51;48
62;39;17
61;24;7
60;21;62
59;80;6
58;18;49
57;4;38
56;74;6
55;43;16
54;56;40
53;48;22
52;66;69
51;85;34
50;65;75
49;10;62
48;68;57
47;97;57
46;67;51
45;34;99
44;37;4
43;87;49
42;7;87
41;75;90
40;44;6
39;12;71
38;15;76
37;56;86
36;73;24
35;85;76
34;88;63
33;8;29
32;59;93
31;21;50
30;19;80
29;22;4
28;33;0
27;52;74
26;80;33
25;23;53
24;9;25
23;69;95
22;63;89
21;10;39
20;14;44
19;71;66
18;50;31
17;48;89
16;49;87
15;52;20
14;26;39
13;29;32
12;94;25
11;86;77
10;63;0
9;38;47
8;77;49
7;73;11
6;11;9
5;25;17
4;2;84
3;8;63
2;81;90
1;9;61
100;66;64
99;90;2
98;36;58
97;14;80
96;85;49
95;43;23
94;34;80
93;42;92
92;55;7
91;17;5
90;11;64
89;33;51
88;35;37
87;64;47
86;25;42
85;94;69
84;55;58
83;36;39
82;67;41
81;2;14
80;47;81
79;14;97
78;17;17
77;78;23
76;60;23
75;82;24
74;44;62
73;55;12
72;57;21
71;34;100
70;66;54
69;74;62
68;89;62
67;36;38
66;5;68
65;80;5
64;72;54
63;2;44
62;25;15
61;35;67
60;36;63
59;92;52
58;25;82
57;40;90
56;88;9
55;67;51
54;14;30
53;74;42
52;95;9
51;24;53
50;50;68
49;46;40
48;49;64
47;91;37
46;10;29
45;47;36
44;56;99
43;16;62
42;12;84
41;10;13
40;63;60
39;88;13
38;23;30
37;66;80
36;65;67
35;98;20
34;51;26
33;38;5
32;67;3
31;62;53
30;4;1
29;51;39
28;69;33
27;18;66
26;65;73
25;76;19
24;26;79
23;94;56
22;63;61
21;0;7
20;65;32
19;78;100
18;28;18
17;22;81
16;8;65
15;23;51
14;30;88
13;25;60
12;97;10
11;15;27
10;67;60
9;31;73
8;77;76
7;31;27
6;54;9
5;71;36
4;9;8
3;24;68
2;18;79
1;25;95
