100;6;54
99;35;51
98;44;8
97;63;44
96;74;14
95;16;22
94;57;26
93;6;63
92;77;40
91;57;10
90;74;7
89;40;17
88;46;83
87;91;90
86;13;73
85;59;2
84;30;1
83;49;73
82;97;59
81;3;18
80;10;49
79;69;13
78;86;20
77;91;69
76;17;46
75;76;45
74;33;12
73;15;41
72;22;17
71;68;89
70;7;86
69;8;25
68;41;25
67;5;69
66;22;58
65;16;3
64;80;43
63;30;23
62;52;3
61;18;87
60;15;29
59;54;2
58;37;2
57;10;50
56;54;77
55;42;94
54;78;50
53;47;41
52;63;24
51;19;22
50;54;3
49;67;4
48;79;87
47;86;13
46;47;9
45;45;66
44;13;92
43;71;100
42;95;25
41;21;93
40;15;64
39;54;23
38;9;77
37;52;35
36;65;52
35;13;58
34;61;5
33;28;39
32;7;75
31;9;26
30;86;42
29;30;81
28;56;11
27;0;94
26;56;7
25;94;27
24;71;51
23;98;92
22;59;53
21;76;54
20;81;55
19;67;55
18;58;89
17;23;98
16;33;40
15;92;82
14;12;45
13;94;84
12;66;70
11;93;58
10;62;6
9;57;39
8;97;45
7;40;29
6;39;88
5;42;62
4;30;35
3;20;72
2;36;3
1;8;81
100;96;83
99;80;71
98;66;47
97;15;55
96;38;6
95;89;49
94;17;17
93;3;63
92;30;6
91;28;65
90;31;55
89;39;43
88;76;17
87;29;0
86;95;98
85;50;100
84;43;97
83;32;52
82;50;3
81;32;57
80;56;13
79;64;82
78;54;93
77;30;32
76;45;72
75;79;18
74;22;86
73;36;65
72;97;2
71;17;71
70;46;0
69;0;21
68;53;78
67;60;82
66;6;56
65;14;76
64;84;76
63;68;18
62;55;37
61;55;84
60;10;2
59;37;33
58;12;58
57;58;5
56;20;52
55;72;49
54;50;53
53;35;32
52;29;79
51;57;17
50;48;36
49;23;82
48;14;55
47;1;77
46;43;55
45;8;40
44;46;69
43;21;10
42;70;43
41;18;48
40;89;26
39;53;84
38;11;34
37;54;68
36;65;27
35;66;72
34;10;8
33;3;94
32;73;67
31;46;49
30;20;16
29;20;27
28;35;88
27;14;32
26;39;60
25;0;67
24;95;7
23;52;34
22;73;27
21;38;74
20;64;30
19;2;72
18;61;48
17;88;11
16;52;19
15;18;70
14;77;82
13;17;63
12;37;95
11;29;14
10;85;73
9;50;38
8;80;97
7;54;1
6;65;0
5;49;11
4;76;33
3;48;16
2;28;18
1;61;34
100;0;45
99;66;46
98;78;97
97;2;100
96;3;43
95;32;39
94;33;74
93;79;7
92;75;34
91;34;60
90;5;33
89;90;75
88;17;15
87;21;85
86;76;86
85;85;38
84;12;36
83;23;79
82;43;48
81;62;47
80;64;100
79;7;24
78;58;92
77;25;31
76;26;92
75;13;85
74;40;88
73;13;41
72;49;92
71;95;90
70;67;74
69;32;14
68;73;71
67;18;74
66;37;84
65;90;87
64;3;39
63;85;40
62;77;46
61;78;8
60;4;100
59;60;72
58;58;91
57;36;44
56;29;49
55;63;54
54;31;12
53;38;24
52;19;58
51;2;10
50;79;68
49;95;64
48;45;58
47;47;38
46;81;39
45;20;75
44;47;65
43;98;50
42;73;46
41;79;90
40;16;71
39;0;77
38;67;7
37;57;81
36;64;5
35;93;63
34;8;77
33;25;82
32;46;64
31;91;83
30;45;76
29;32;98
28;86;7
27;21;56
26;84;64
25;48;74
24;10;15
23;8;47
22;93;50
21;68;1
20;66;35
19;46;57
18;10;99
17;18;67
16;9;10
15;86;45
14;8;80
13;50;36
12;69;96
11;14;95
10;18;41
9;11;11
8;49;69
7;96;11
6;2;6
5;32;33
4;50;41
3;8;86
2;96;40
1;74;40
100;4;9
99;27;13
98;14;18
97;32;42
96;86;99
95;34;63
94;42;7
93;30;13
92;64;88
91;59;19
90;57;81
89;25;47
88;63;4
87;61;17
86;28;10
85;47;31
84;38;24
83;29;23
82;74;62
81;37;50
80;4;8
79;84;36
78;34;98
77;13;41
76;95;32
75;87;73
74;69;91
73;29;65
72;31;45
71;33;21
70;40;52
69;88;17
68;82;24
67;86;16
66;76;18
65;88;26
64;43;2
63;91;38
62;52;78
61;77;78
60;42;77
59;53;72
58;70;30
57;33;100
56;22;59
55;49;9
54;92;13
53;86;90
52;92;6
51;90;40
50;52;13
49;73;5
48;98;79
47;25;12
46;53;91
45;40;83
44;70;16
43;70;15
42;93;51
41;29;42
40;96;2
39;64;50
38;74;39
37;70;96
36;15;79
35;90;86
34;13;49
33;87;87
32;17;67
31;65;40
30;26;51
29;52;9
28;20;13
27;27;62
26;55;24
25;17;37
24;30;77
23;32;85
22;40;79
21;84;92
20;71;85
19;56;1
18;22;19
17;84;63
16;94;38
15;44;65
14;31;70
13;52;48
12;7;46
11;84;50
10;86;19
9;77;36
8;78;63
7;4;1
6;94;49
5;74;34
4;96;22
3;42;31
2;84;65
1;29;61
100;25;73
99;87;46
98;54;80
97;89;19
96;49;42
95;49;48
94;23;23
93;12;18
92;70;71
91;50;72
90;97;20
89;16;78
88;10;6
87;92;47
86;88;80
85;55;77
84;45;88
83;32;43
82;9;51
81;68;98
80;24;94
79;62;22
78;40;18
77;70;95
76;21;59
75;49;4
74;97;39
73;47;93
72;40;53
71;62;55
70;3;38
69;67;20
68;48;53
67;67;50
66;20;49
65;87;96
64;65;80
63;40;90
62;39;58
61;83;18
60;22;51
59;28;3
58;81;73
57;73;54
56;75;98
55;23;99
54;2;93
53;20;94
52;38;89
51;74;78
50;7;87
49;89;49
48;38;81
47;76;73
46;75;18
45;45;54
44;71;37
43;17;11
42;77;5
41;20;32
40;25;23
39;60;3
38;49;62
37;85;59
36;11;76
35;50;71
34;79;77
33;2;84
32;77;69
31;62;36
30;24;26
29;25;89
28;58;9
27;80;92
26;14;55
25;67;68
24;13;59
23;16;54
22;12;9
21;35;38
20;77;2
19;19;12
18;63;12
17;98;97
16;84;53
15;36;19
14;46;43
13;49;45
12;74;15
11;12;66
10;37;56
9;72;67
8;50;76
7;35;13
6;84;48
5;97;31
4;74;57
3;87;94
2;39;92
1;79;51
100;75;29
99;96;55
98;83;46
97;41;20
96;82;50
95;7;5
94;45;60
93;12;34
92;85;41
91;68;39
90;42;86
89;87;28
88;5;62
87;21;24
86;14;85
85;48;55
84;77;66
83;21;43
82;33;16
81;51;12
80;45;8
79;84;7
78;0;28
77;28;0
76;61;1
75;69;40
74;97;57
73;41;69
72;62;63
71;95;85
70;34;13
69;53;33
68;9;39
67;49;61
66;70;46
65;72;17
64;51;14
63;6;84
62;91;93
61;71;36
60;72;21
59;28;57
58;2;45
57;62;35
56;27;85
55;66;52
54;89;34
53;84;16
52;79;10
51;16;28
50;15;95
49;6;37
48;95;92
47;48;50
46;61;96
45;79;51
44;0;49
43;70;94
42;46;88
41;97;79
40;89;23
39;59;27
38;96;49
37;53;22
36;55;39
35;12;59
34;85;14
33;34;83
32;32;94
31;51;37
30;43;82
29;20;87
28;17;61
27;36;99
26;64;0
25;14;65
24;11;83
23;89;24
22;23;85
21;62;2
20;67;58
19;48;55
18;37;98
17;30;6
16;42;47
15;70;93
14;37;65
13;37;62
12;69;22
11;97;80
10;32;75
9;29;18
8;42;62
7;47;53
6;95;11
5;2;9
4;78;48
3;82;14
2;16;81
1;52;16
100;27;99
99;97;17
98;96;79
97;95;75
96;90;45
95;62;30
94;27;79
93;56;73
92;63;30
91;41;69
90;92;29
89;77;100
88;98;42
87;21;64
86;53;0
85;67;46
84;86;93
83;87;20
82;42;88
81;46;81
80;56;47
79;8;78
78;32;52
77;78;66
76;2;71
75;11;70
74;84;78
73;80;50
72;69;56
71;6;78
70;1;86
69;41;35
68;26;96
67;49;64
66;72;17
65;68;3
64;95;23
63;63;37
62;22;72
61;56;34
60;93;48
59;78;76
58;60;33
57;27;0
56;79;6
55;95;83
54;50;93
53;2;76
52;52;66
51;92;31
50;23;48
49;72;90
48;75;38
47;20;97
46;52;48
45;69;66
44;68;52
43;71;69
42;0;32
41;63;18
40;71;83
39;81;75
38;32;8
37;51;28
36;64;9
35;69;41
34;19;53
33;17;39
32;63;95
31;50;87
30;74;97
29;72;92
28;6;84
27;56;21
26;32;81
25;50;67
24;63;37
23;54;83
22;57;59
21;76;75
20;60;22
19;48;46
18;72;42
17;53;23
16;39;85
15;38;12
14;44;37
13;64;14
12;61;21
11;12;85
10;1;36
9;95;69
8;56;39
7;82;71
6;31;42
5;57;47
4;18;22
3;0;5
2;17;94
1;22;95
100;40;74
99;37;77
98;72;40
97;7;43
96;46;61
95;7;43
94;17;38
93;39;67
92;32;17
91;12;21
90;10;81
89;90;79
88;69;52
87;62;14
86;45;95
85;38;53
84;92;74
83;10;57
82;70;19
81;51;55
80;56;47
79;13;24
78;53;83
77;58;19
76;25;93
75;21;35
74;24;38
73;19;87
72;75;41
71;62;81
70;5;89
69;16;68
68;70;28
67;79;49
66;71;68
65;86;87
64;95;70
63;91;43
62;98;24
61;69;19
60;89;84
59;34;72
58;67;46
57;11;63
56;59;0
55;94;46
54;15;49
53;98;11
52;12;58
51;1;22
50;86;56
49;36;81
48;88;44
47;90;56
46;65;15
45;37;28
44;62;47
43;7;5
42;92;59
41;47;72
40;37;92
39;53;48
38;4;34
37;6;56
36;23;28
35;42;31
34;77;63
33;4;51
32;42;53
31;69;51
30;82;73
29;66;28
28;63;24
27;32;98
26;86;13
25;95;83
24;45;3
23;85;22
22;98;38
21;18;92
20;51;6
19;65;47
18;51;51
17;86;59
16;13;40
15;2;44
14;23;49
13;80;94
12;0;30
11;78;16
10;11;21
9;26;13
8;24;27
7;65;31
6;87;57
5;78;34
4;86;58
3;70;67
2;51;46
1;72;94
100;10;0
99;28;97
98;83;21
97;10;41
96;40;46
95;91;61
94;86;7
93;8;16
92;65;79
91;10;57
90;47;14
89;23;47
88;51;26
87;80;66
86;1;91
85;10;55
84;85;22
83;46;5
82;51;15
81;69;16
80;91;87
79;5;99
78;2;15
77;71;29
76;37;8
75;16;50
74;32;96
73;42;65
72;96;11
71;17;24
70;71;86
69;85;67
68;79;9
67;61;64
66;36;99
65;19;75
64;42;30
63;66;30
62;53;41
61;81;21
60;80;54
59;52;41
58;63;84
57;88;91
56;59;64
55;46;78
54;5;47
53;94;95
52;75;37
51;89;22
50;53;5
49;11;84
48;78;18
47;64;90
46;93;34
45;4;92
44;8;97
43;4;30
42;95;49
41;43;45
40;37;0
39;61;2
38;73;93
37;88;38
36;36;17
35;8;40
34;48;3
33;78;89
32;59;53
31;15;50
30;79;33
29;14;13
28;77;31
27;87;88
26;61;73
25;31;29
24;13;41
23;9;82
22;2;46
21;9;73
20;47;74
19;73;30
18;65;13
17;5;60
16;91;7
15;54;45
14;31;100
13;73;2
12;25;64
11;55;28
10;20;37
9;94;24
8;38;4
7;32;96
6;87;60
5;23;24
4;58;97
3;32;17
2;44;33
1;64;19
100;26;67
99;71;14
98;24;99
97;34;80
96;68;9
95;48;54
94;86;23
93;24;60
92;96;55
91;73;73
90;57;8
89;45;69
88;79;100
87;21;5
86;49;82
85;72;57
84;79;55
83;22;16
82;82;5
81;79;11
80;74;24
79;56;31
78;72;84
77;71;62
76;22;37
75;11;55
74;61;78
73;26;21
72;50;59
71;1;89
70;23;33
69;97;48
68;81;52
67;21;0
66;22;13
65;97;59
64;84;87
63;36;16
62;98;44
61;52;82
60;51;50
59;51;37
58;93;45
57;43;52
56;69;18
55;56;97
54;54;79
53;64;48
52;94;33
51;86;50
50;60;24
49;50;63
48;91;81
47;57;95
46;58;37
45;29;78
44;27;61
43;20;83
42;82;8
41;95;58
40;84;92
39;68;70
38;83;24
37;8;54
36;74;16
35;1;85
34;7;29
33;12;9
32;34;69
31;24;16
30;79;86
29;1;86
28;92;94
27;23;36
26;76;36
25;84;51
24;4;51
23;98;1
22;93;76
21;24;82
20;28;37
19;30;29
18;19;31
17;56;88
16;55;50
15;6;56
14;86;97
13;19;62
12;75;67
11;56;2
10;40;83
9;19;22
8;46;42
7;3;25
6;34;45
5;18;16
4;35;24
3;16;44
2;17;66
1;61;27
