5000;3859;70
4999;1057;95
4998;867;82
4997;2395;20
4996;621;32
4995;4250;29
4994;1142;22
4993;1216;73
4992;4270;98
4991;2890;50
4990;4559;99
4989;2673;65
4988;4471;93
4987;3641;6
4986;439;10
4985;3127;78
4984;1683;65
4983;3044;79
4982;1826;64
4981;1900;64
4980;1247;44
4979;2412;12
4978;1777;67
4977;205;19
4976;1081;67
4975;2351;52
4974;3407;37
4973;3664;79
4972;3444;37
4971;1899;94
4970;175;60
4969;3312;32
4968;282;17
4967;4366;9
4966;4579;3
4965;2319;61
4964;436;39
4963;1509;39
4962;1369;77
4961;64;32
4960;362;48
4959;4562;44
4958;2617;40
4957;4033;27
4956;4133;84
4955;3417;25
4954;4266;71
4953;2632;31
4952;4811;12
4951;775;75
4950;69;4
4949;4513;37
4948;4471;63
4947;1879;59
4946;2773;6
4945;3243;42
4944;1267;49
4943;266;72
4942;670;31
4941;2670;0
4940;3813;19
4939;3079;32
4938;3538;59
4937;1382;98
4936;4254;93
4935;4621;65
4934;2426;79
4933;3324;57
4932;1994;83
4931;2406;24
4930;4407;92
4929;3529;2
4928;2536;50
4927;4360;77
4926;4231;23
4925;522;44
4924;3463;54
4923;1584;67
4922;385;57
4921;576;13
4920;1064;69
4919;314;42
4918;1484;78
4917;3164;26
4916;4157;61
4915;145;97
4914;919;86
4913;2904;35
4912;320;94
4911;1051;77
4910;4852;79
4909;370;87
4908;838;8
4907;2258;27
4906;4821;36
4905;3973;48
4904;2742;48
4903;1519;77
4902;4624;66
4901;1726;29
4900;4076;32
4899;2069;69
4898;4148;47
4897;4437;10
4896;4817;99
4895;4324;90
4894;266;24
4893;2382;32
4892;3323;88
4891;1501;14
4890;3975;75
4889;3055;4
4888;4044;95
4887;3829;56
4886;1859;87
4885;168;53
4884;4809;23
4883;1145;62
4882;319;84
4881;1534;84
4880;4145;98
4879;3273;85
4878;3423;23
4877;3378;16
4876;3197;88
4875;3959;5
4874;1643;40
4873;2320;91
4872;301;40
4871;3367;41
4870;710;4
4869;4800;86
4868;414;61
4867;3865;69
4866;3838;59
4865;4123;82
4864;4232;3
4863;4922;92
4862;4945;28
4861;4549;63
4860;3181;28
4859;1106;86
4858;3210;15
4857;1275;12
4856;1500;28
4855;3767;100
4854;2799;5
4853;2983;53
4852;4937;21
4851;4624;31
4850;2350;88
4849;3444;4
4848;3739;19
4847;523;84
4846;3588;59
4845;3817;30
4844;2971;59
4843;794;13
4842;3765;72
4841;1523;47
4840;3677;73
4839;3158;34
4838;2277;53
4837;1539;38
4836;309;41
4835;4697;18
4834;3709;55
4833;3599;10
4832;1110;36
4831;453;99
4830;4283;21
4829;3209;75
4828;2238;95
4827;3886;50
4826;1850;54
4825;4311;29
4824;1390;23
4823;4416;70
4822;4350;30
4821;3303;69
4820;1446;48
4819;3336;62
4818;3913;61
4817;1179;90
4816;2331;76
4815;4205;65
4814;1673;69
4813;2373;40
4812;1937;72
4811;2222;88
4810;2780;24
4809;312;12
4808;4202;91
4807;702;12
4806;336;24
4805;736;17
4804;4276;2
4803;1882;26
4802;3308;45
4801;1129;7
4800;122;99
4799;1881;40
4798;1502;36
4797;1323;0
4796;2481;73
4795;2924;31
4794;3703;26
4793;879;5
4792;1146;71
4791;3292;47
4790;2078;49
4789;1390;80
4788;771;40
4787;3009;45
4786;4541;29
4785;3711;25
4784;4690;77
4783;3514;45
4782;2292;63
4781;1505;80
4780;154;93
4779;4893;83
4778;389;69
4777;2927;38
4776;2798;64
4775;2657;33
4774;531;23
4773;1247;82
4772;1472;34
4771;4805;6
4770;1095;32
4769;4723;38
4768;986;32
4767;913;66
4766;1836;3
4765;2729;36
4764;220;28
4763;2186;48
4762;1862;10
4761;3977;9
4760;91;28
4759;3885;13
4758;2455;72
4757;901;68
4756;4455;68
4755;4784;6
4754;3786;80
4753;3277;33
4752;122;76
4751;3293;6
4750;1558;76
4749;3507;1
4748;2711;88
4747;3567;81
4746;1623;37
4745;2321;19
4744;2556;93
4743;3508;92
4742;2270;82
4741;3082;75
4740;2710;6
4739;4563;12
4738;2958;76
4737;1067;0
4736;1100;8
4735;477;74
4734;1192;7
4733;2481;8
4732;2475;24
4731;2769;10
4730;3984;61
4729;183;56
4728;1540;49
4727;3632;4
4726;3907;48
4725;3798;25
4724;921;59
4723;3690;72
4722;4500;67
4721;3771;59
4720;4988;96
4719;474;18
4718;327;96
4717;2751;42
4716;814;47
4715;3599;83
4714;766;62
4713;477;94
4712;1212;8
4711;4756;14
4710;3407;78
4709;941;31
4708;210;52
4707;4286;47
4706;4918;12
4705;3607;84
4704;2813;84
4703;5;30
4702;4963;19
4701;4370;37
4700;1203;25
4699;1656;85
4698;1410;79
4697;1928;51
4696;3717;25
4695;3194;99
4694;4420;42
4693;2961;39
4692;3222;25
4691;1986;39
4690;1294;96
4689;1738;57
4688;4796;48
4687;3840;17
4686;3455;13
4685;1823;5
4684;2714;86
4683;2479;57
4682;2409;10
4681;1372;53
4680;3619;16
4679;1867;36
4678;4430;7
4677;560;48
4676;4060;97
4675;2995;2
4674;4294;77
4673;4194;30
4672;906;25
4671;3350;49
4670;1372;82
4669;1809;56
4668;3647;87
4667;3445;5
4666;4708;61
4665;2636;52
4664;388;75
4663;288;71
4662;837;92
4661;305;80
4660;995;32
4659;790;53
4658;128;45
4657;1686;61
4656;3300;18
4655;879;28
4654;3713;65
4653;2569;85
4652;782;35
4651;4416;15
4650;4412;44
4649;1870;80
4648;1752;62
4647;3158;6
4646;4210;15
4645;4757;50
4644;1688;89
4643;1239;58
4642;4424;77
4641;199;70
4640;4097;19
4639;3809;85
4638;4479;20
4637;2817;75
4636;590;50
4635;1704;9
4634;1924;80
4633;1035;46
4632;3801;52
4631;4852;37
4630;574;80
4629;2131;91
4628;1156;17
4627;3595;31
4626;4164;77
4625;1029;60
4624;123;72
4623;4458;24
4622;2292;58
4621;324;52
4620;2584;1
4619;1371;69
4618;3660;89
4617;2936;44
4616;1881;68
4615;4685;56
4614;2814;55
4613;2030;39
4612;1869;41
4611;3569;92
4610;2047;19
4609;485;38
4608;4005;48
4607;1951;66
4606;4435;33
4605;2280;88
4604;3272;76
4603;3914;99
4602;4495;27
4601;3423;75
4600;4235;93
4599;3424;27
4598;1634;65
4597;1660;85
4596;3784;16
4595;1266;79
4594;2580;32
4593;2346;90
4592;479;25
4591;3648;49
4590;2367;21
4589;3084;86
4588;40;57
4587;2349;26
4586;2891;10
4585;2703;32
4584;3304;74
4583;1978;66
4582;2589;34
4581;1931;85
4580;107;84
4579;72;23
4578;406;67
4577;3704;3
4576;628;1
4575;4482;89
4574;3008;65
4573;1751;10
4572;1200;42
4571;4323;92
4570;4416;93
4569;2368;5
4568;2399;83
4567;2379;25
4566;4274;24
4565;1836;36
4564;4474;75
4563;1205;36
4562;418;12
4561;1769;21
4560;2393;46
4559;4724;62
4558;1577;19
4557;4251;29
4556;1301;31
4555;3746;63
4554;752;93
4553;3399;12
4552;2384;15
4551;880;99
4550;622;37
4549;4398;52
4548;4613;56
4547;2354;95
4546;3174;96
4545;3252;83
4544;2975;90
4543;4649;82
4542;1863;44
4541;1972;71
4540;3451;88
4539;1408;78
4538;3970;76
4537;1566;75
4536;217;37
4535;4789;77
4534;1234;57
4533;4990;60
4532;3012;20
4531;4184;3
4530;2175;1
4529;1882;62
4528;261;26
4527;4450;71
4526;358;42
4525;1020;11
4524;527;17
4523;4871;40
4522;170;7
4521;278;8
4520;1703;94
4519;1605;83
4518;4746;60
4517;1313;79
4516;1302;44
4515;4439;90
4514;1328;68
4513;4696;2
4512;4655;83
4511;479;39
4510;2745;77
4509;1072;25
4508;3654;33
4507;1106;34
4506;1129;67
4505;1173;61
4504;1487;66
4503;3068;87
4502;3375;33
4501;3728;95
4500;4701;54
4499;3951;2
4498;1421;31
4497;505;27
4496;1409;99
4495;2786;46
4494;3917;67
4493;4375;8
4492;4083;12
4491;1354;12
4490;1620;95
4489;4656;29
4488;4210;71
4487;4158;53
4486;1548;30
4485;2480;43
4484;3487;4
4483;4173;87
4482;4717;80
4481;2596;62
4480;428;85
4479;1948;91
4478;4191;56
4477;3093;47
4476;1723;4
4475;4122;7
4474;1452;51
4473;2710;72
4472;3055;54
4471;2623;29
4470;3161;62
4469;2301;99
4468;3135;8
4467;812;29
4466;147;40
4465;1002;14
4464;1837;32
4463;3058;65
4462;2461;74
4461;3645;94
4460;3309;1
4459;287;91
4458;2656;89
4457;4672;11
4456;976;37
4455;3476;18
4454;934;86
4453;4228;53
4452;3672;67
4451;4585;9
4450;1717;98
4449;3699;34
4448;3902;82
4447;4116;93
4446;3105;74
4445;3632;34
4444;3081;52
4443;593;54
4442;453;100
4441;3111;29
4440;189;77
4439;3987;85
4438;4721;97
4437;3982;19
4436;2833;24
4435;4749;19
4434;1133;26
4433;4780;77
4432;4438;1
4431;4590;46
4430;4380;78
4429;2206;43
4428;2282;25
4427;156;26
4426;1744;26
4425;2294;5
4424;3978;7
4423;3909;76
4422;1051;7
4421;2240;9
4420;2908;19
4419;4988;61
4418;3739;19
4417;4825;60
4416;1604;23
4415;3291;41
4414;4952;64
4413;968;90
4412;4627;84
4411;3675;36
4410;572;60
4409;1999;95
4408;2569;55
4407;2127;12
4406;2919;27
4405;1957;67
4404;3124;61
4403;69;51
4402;3867;9
4401;4499;16
4400;3133;73
4399;305;98
4398;2490;19
4397;2883;32
4396;280;6
4395;4505;13
4394;4991;36
4393;1751;41
4392;1064;71
4391;1327;49
4390;2355;40
4389;3583;45
4388;3079;59
4387;4300;94
4386;1963;66
4385;3327;99
4384;4322;97
4383;1019;85
4382;1486;62
4381;1335;46
4380;4365;3
4379;3815;51
4378;3359;3
4377;4017;74
4376;1825;66
4375;4774;70
4374;1895;0
4373;1777;33
4372;2690;66
4371;1981;3
4370;437;21
4369;2004;12
4368;4602;13
4367;486;75
4366;603;10
4365;930;35
4364;2651;11
4363;4842;14
4362;1291;35
4361;4744;76
4360;3608;6
4359;3833;77
4358;3515;10
4357;4955;50
4356;1864;63
4355;798;21
4354;2097;65
4353;3004;49
4352;2807;80
4351;2948;36
4350;171;88
4349;1274;9
4348;1907;62
4347;603;12
4346;3963;72
4345;1655;95
4344;410;51
4343;4222;46
4342;2330;53
4341;75;58
4340;4113;50
4339;2548;60
4338;364;51
4337;3116;69
4336;3938;20
4335;1028;19
4334;1936;5
4333;2507;63
4332;2020;42
4331;1149;8
4330;3147;63
4329;1751;6
4328;3877;13
4327;3213;70
4326;3816;48
4325;4457;6
4324;3862;73
4323;4626;27
4322;2421;21
4321;3924;41
4320;2606;24
4319;1269;81
4318;3638;62
4317;3919;29
4316;3243;94
4315;2998;45
4314;3234;50
4313;2786;76
4312;74;81
4311;3570;32
4310;622;55
4309;553;48
4308;2215;60
4307;2417;89
4306;2363;4
4305;3416;19
4304;1420;55
4303;623;52
4302;526;36
4301;4919;99
4300;925;92
4299;4427;99
4298;2863;85
4297;3411;93
4296;2986;2
4295;3552;11
4294;1565;6
4293;2857;57
4292;910;99
4291;1075;5
4290;1303;69
4289;3590;5
4288;3465;29
4287;3912;45
4286;4605;2
4285;393;49
4284;3280;41
4283;2122;57
4282;1152;7
4281;2568;57
4280;2758;40
4279;1018;93
4278;478;91
4277;2232;73
4276;4472;52
4275;2991;17
4274;3575;49
4273;2500;2
4272;1841;69
4271;3791;26
4270;4941;33
4269;1137;92
4268;3833;98
4267;1702;28
4266;1254;43
4265;3067;73
4264;3748;100
4263;1126;79
4262;530;96
4261;3163;82
4260;2089;67
4259;2666;14
4258;3494;48
4257;2932;87
4256;1931;47
4255;2247;16
4254;4799;49
4253;846;31
4252;2768;87
4251;972;31
4250;3013;56
4249;3414;15
4248;2261;42
4247;2129;93
4246;1307;98
4245;748;96
4244;3501;100
4243;1993;80
4242;3915;55
4241;1272;87
4240;4864;95
4239;2066;58
4238;2002;52
4237;3109;54
4236;2710;68
4235;3790;80
4234;4730;65
4233;3762;4
4232;99;34
4231;3626;62
4230;2195;14
4229;1068;98
4228;4778;82
4227;4830;2
4226;39;29
4225;3438;85
4224;213;69
4223;1641;73
4222;3612;8
4221;3387;79
4220;2385;13
4219;600;90
4218;3108;56
4217;3277;58
4216;4808;39
4215;913;71
4214;1098;20
4213;1230;34
4212;73;39
4211;4427;60
4210;3757;52
4209;2146;32
4208;647;94
4207;1846;47
4206;1385;62
4205;4423;41
4204;2306;26
4203;3164;89
4202;343;68
4201;4891;0
4200;2354;54
4199;2979;48
4198;934;62
4197;975;73
4196;3324;26
4195;4024;23
4194;3743;29
4193;1725;73
4192;2709;9
4191;2280;26
4190;885;76
4189;3259;22
4188;2173;34
4187;2676;99
4186;4960;87
4185;2186;61
4184;617;97
4183;366;86
4182;2473;23
4181;1564;94
4180;3816;62
4179;506;21
4178;2678;4
4177;1770;39
4176;2141;49
4175;782;34
4174;925;35
4173;4423;100
4172;2410;3
4171;4188;52
4170;2381;14
4169;2109;10
4168;275;61
4167;4989;99
4166;3305;9
4165;1330;0
4164;2011;89
4163;3756;85
4162;12;2
4161;2618;91
4160;1029;27
4159;3016;95
4158;475;61
4157;2596;79
4156;1260;22
4155;3611;63
4154;1432;20
4153;826;81
4152;2232;25
4151;3857;73
4150;3424;8
4149;4581;43
4148;4580;12
4147;439;92
4146;1227;83
4145;1014;7
4144;3966;97
4143;4934;57
4142;3009;28
4141;1174;53
4140;846;63
4139;2417;77
4138;2419;2
4137;1583;57
4136;335;80
4135;2288;52
4134;295;46
4133;2452;38
4132;3797;16
4131;1996;75
4130;1228;57
4129;624;28
4128;1329;16
4127;2966;64
4126;2587;46
4125;2782;100
4124;4536;91
4123;1822;82
4122;1396;44
4121;3553;32
4120;3356;20
4119;1115;66
4118;3618;21
4117;1126;20
4116;1790;9
4115;4152;70
4114;3390;25
4113;2302;51
4112;315;33
4111;567;52
4110;764;88
4109;3565;27
4108;203;50
4107;3916;15
4106;4033;72
4105;3029;97
4104;3664;52
4103;1256;38
4102;4908;5
4101;1523;18
4100;2793;79
4099;2403;36
4098;1211;56
4097;2835;96
4096;400;2
4095;704;56
4094;3329;96
4093;32;39
4092;4739;1
4091;2287;58
4090;1783;78
4089;663;71
4088;1094;45
4087;4800;20
4086;3052;55
4085;1059;17
4084;2243;14
4083;1671;13
4082;2117;8
4081;336;41
4080;3116;8
4079;3366;50
4078;1748;61
4077;4889;52
4076;2160;38
4075;472;92
4074;842;86
4073;4344;94
4072;3389;66
4071;495;40
4070;852;92
4069;2284;3
4068;3875;71
4067;4895;34
4066;1282;76
4065;3287;1
4064;1330;26
4063;4655;29
4062;3862;36
4061;822;3
4060;707;44
4059;4512;78
4058;795;61
4057;1234;27
4056;2371;48
4055;2269;93
4054;2224;66
4053;4026;75
4052;1199;45
4051;4052;96
4050;1387;36
4049;3255;87
4048;1463;98
4047;1262;7
4046;3242;52
4045;2099;19
4044;4660;82
4043;2496;74
4042;2974;92
4041;3568;29
4040;2140;71
4039;1962;68
4038;2405;72
4037;4750;11
4036;3479;78
4035;2160;34
4034;2088;97
4033;1627;57
4032;47;66
4031;4388;27
4030;4385;15
4029;248;29
4028;688;100
4027;3023;12
4026;3202;19
4025;4980;1
4024;3827;27
4023;4966;45
4022;3739;96
4021;605;90
4020;1802;71
4019;4296;68
4018;2442;47
4017;2184;62
4016;536;80
4015;1882;62
4014;3175;10
4013;2240;59
4012;2385;42
4011;4362;98
4010;4346;38
4009;1129;82
4008;3509;78
4007;4195;95
4006;3210;97
4005;4248;70
4004;3991;22
4003;817;34
4002;832;21
4001;3784;23
4000;2093;97
3999;3799;91
3998;3217;49
3997;45;61
3996;1927;90
3995;2826;49
3994;3007;28
3993;2866;32
3992;2338;0
3991;233;16
3990;4622;55
3989;4922;48
3988;1530;70
3987;4688;77
3986;1949;45
3985;4294;91
3984;395;92
3983;4497;36
3982;1889;14
3981;4095;63
3980;21;36
3979;1091;86
3978;616;20
3977;20;41
3976;3324;100
3975;773;81
3974;195;47
3973;725;5
3972;4181;97
3971;4316;47
3970;4837;55
3969;1067;73
3968;2392;20
3967;3100;29
3966;4669;21
3965;3451;56
3964;4158;72
3963;2134;54
3962;4286;59
3961;1951;33
3960;3064;14
3959;2927;15
3958;629;30
3957;1758;51
3956;2771;91
3955;2730;5
3954;2033;52
3953;2485;32
3952;132;58
3951;2696;64
3950;604;50
3949;3062;34
3948;3983;46
3947;3118;36
3946;4345;22
3945;2079;12
3944;4496;82
3943;2928;39
3942;562;76
3941;110;7
3940;4903;26
3939;351;58
3938;189;14
3937;2480;99
3936;2848;32
3935;23;14
3934;4901;25
3933;3169;44
3932;1829;45
3931;2839;45
3930;3238;24
3929;4071;31
3928;1829;45
3927;287;5
3926;738;79
3925;3405;67
3924;2187;27
3923;2724;100
3922;1580;88
3921;4760;80
3920;2601;19
3919;3247;29
3918;1796;50
3917;3669;97
3916;564;74
3915;3477;76
3914;3557;55
3913;2591;62
3912;3860;89
3911;1368;81
3910;1621;27
3909;3260;99
3908;3904;13
3907;1490;25
3906;2927;73
3905;2775;77
3904;2655;76
3903;2038;83
3902;4146;58
3901;4031;62
3900;3147;8
3899;135;64
3898;1026;53
3897;3780;21
3896;1930;8
3895;1076;25
3894;1136;31
3893;4419;79
3892;737;10
3891;4291;65
3890;4117;4
3889;3688;19
3888;467;45
3887;1064;6
3886;3244;3
3885;3484;11
3884;1168;23
3883;3772;39
3882;4439;25
3881;1952;67
3880;216;56
3879;1232;33
3878;3056;5
3877;1324;7
3876;3559;65
3875;3582;55
3874;3305;10
3873;2688;32
3872;3237;95
3871;1144;78
3870;4686;47
3869;2272;17
3868;610;45
3867;4952;15
3866;239;26
3865;1582;97
3864;610;50
3863;3861;19
3862;3018;61
3861;879;83
3860;2146;82
3859;1985;47
3858;2306;100
3857;3195;75
3856;4412;88
3855;4106;69
3854;741;31
3853;4606;21
3852;1360;31
3851;546;40
3850;2087;3
3849;3706;51
3848;2901;41
3847;3909;24
3846;744;67
3845;4192;24
3844;2144;36
3843;2266;49
3842;1481;84
3841;496;96
3840;1799;87
3839;504;11
3838;4702;94
3837;4575;14
3836;2933;9
3835;3216;8
3834;3562;40
3833;1167;61
3832;770;59
3831;2095;83
3830;4716;59
3829;1172;44
3828;4827;4
3827;2396;50
3826;725;65
3825;2620;68
3824;88;93
3823;1732;66
3822;3490;27
3821;4658;53
3820;2538;85
3819;2856;28
3818;1001;36
3817;4413;27
3816;2119;83
3815;594;94
3814;3397;31
3813;961;1
3812;2333;36
3811;1121;0
3810;1986;38
3809;4733;62
3808;2464;100
3807;2621;61
3806;1356;60
3805;3202;26
3804;4600;39
3803;4617;71
3802;980;96
3801;1400;5
3800;1056;33
3799;2262;87
3798;4352;54
3797;631;68
3796;3149;0
3795;4436;63
3794;2189;78
3793;598;44
3792;4605;43
3791;4084;25
3790;535;42
3789;327;92
3788;2187;47
3787;117;14
3786;55;56
3785;2849;99
3784;2636;85
3783;4314;26
3782;655;48
3781;1960;41
3780;2601;46
3779;1787;36
3778;4527;15
3777;4515;19
3776;508;32
3775;909;84
3774;507;90
3773;2795;75
3772;471;90
3771;2022;78
3770;688;15
3769;205;80
3768;2139;45
3767;307;79
3766;332;71
3765;4996;19
3764;658;8
3763;4629;88
3762;2761;97
3761;427;26
3760;3234;35
3759;4609;1
3758;2288;91
3757;3979;39
3756;2172;70
3755;1934;81
3754;1374;67
3753;3763;75
3752;1952;76
3751;3823;16
3750;3440;5
3749;2229;28
3748;2414;98
3747;3408;98
3746;960;4
3745;4531;87
3744;4429;21
3743;222;94
3742;1141;31
3741;1672;7
3740;3463;27
3739;4616;26
3738;3485;65
3737;2928;64
3736;48;33
3735;4321;52
3734;4383;68
3733;3862;74
3732;1064;73
3731;2144;19
3730;4398;23
3729;3091;60
3728;4810;31
3727;3927;79
3726;2816;66
3725;681;73
3724;724;21
3723;2752;20
3722;2270;43
3721;1839;37
3720;4493;91
3719;3790;25
3718;2488;4
3717;4867;16
3716;689;12
3715;1144;73
3714;534;89
3713;1194;30
3712;4647;25
3711;4006;48
3710;1790;82
3709;209;46
3708;1413;88
3707;2803;26
3706;26;46
3705;3316;25
3704;479;30
3703;2529;5
3702;1735;37
3701;1060;19
3700;2019;69
3699;3216;85
3698;1084;51
3697;862;59
3696;3700;87
3695;4687;98
3694;4658;50
3693;2006;52
3692;3953;73
3691;3542;8
3690;3899;45
3689;177;18
3688;1714;73
3687;3252;4
3686;2960;20
3685;4990;76
3684;2279;28
3683;3633;76
3682;819;75
3681;3336;56
3680;1618;41
3679;725;72
3678;3064;79
3677;3426;5
3676;3859;34
3675;4280;17
3674;95;79
3673;3847;85
3672;51;28
3671;1436;65
3670;610;43
3669;2354;32
3668;4414;6
3667;1440;40
3666;981;42
3665;4031;38
3664;3452;4
3663;777;62
3662;3427;32
3661;4680;83
3660;4567;56
3659;678;75
3658;4325;99
3657;3521;9
3656;2402;70
3655;1812;15
3654;2405;69
3653;3810;33
3652;3913;17
3651;1519;94
3650;1421;39
3649;2587;78
3648;1974;65
3647;850;20
3646;2804;36
3645;599;11
3644;3054;43
3643;3554;50
3642;3931;83
3641;3404;76
3640;2317;25
3639;1860;36
3638;3192;44
3637;1680;70
3636;3508;99
3635;358;43
3634;4559;75
3633;1727;37
3632;3663;26
3631;4874;66
3630;2254;20
3629;2621;38
3628;2176;83
3627;3378;69
3626;4699;55
3625;2375;14
3624;4024;29
3623;2033;88
3622;3572;54
3621;4938;36
3620;2758;21
3619;1676;71
3618;4842;14
3617;1579;79
3616;9;4
3615;3242;33
3614;1825;92
3613;415;12
3612;4200;86
3611;4687;27
3610;7;77
3609;3714;44
3608;4818;1
3607;2025;62
3606;4244;35
3605;1504;46
3604;2670;37
3603;1916;85
3602;3835;96
3601;4892;97
3600;49;18
3599;4091;84
3598;4317;85
3597;4910;50
3596;1352;3
3595;1927;71
3594;1474;60
3593;2589;99
3592;4447;89
3591;4432;78
3590;4584;3
3589;991;91
3588;2972;60
3587;2371;4
3586;583;11
3585;285;74
3584;1750;72
3583;1766;66
3582;390;86
3581;1416;50
3580;2499;51
3579;3458;85
3578;4432;95
3577;67;83
3576;2176;77
3575;2130;96
3574;3567;25
3573;2908;93
3572;4635;81
3571;2586;94
3570;3624;56
3569;3308;47
3568;270;53
3567;4917;96
3566;324;30
3565;1277;94
3564;1916;77
3563;3123;92
3562;692;44
3561;3601;67
3560;2149;51
3559;2860;99
3558;4526;38
3557;996;58
3556;4774;32
3555;3986;11
3554;587;32
3553;4358;57
3552;2825;84
3551;1113;3
3550;224;35
3549;442;90
3548;4411;62
3547;2523;85
3546;4409;29
3545;3575;8
3544;4401;93
3543;2030;63
3542;1271;98
3541;1834;73
3540;596;90
3539;4005;57
3538;4332;44
3537;2583;100
3536;4819;51
3535;4876;1
3534;2955;48
3533;1030;5
3532;1362;3
3531;1760;93
3530;2228;19
3529;2102;42
3528;333;97
3527;1855;29
3526;1529;49
3525;4324;88
3524;4207;57
3523;247;79
3522;2343;67
3521;4414;53
3520;413;30
3519;4918;62
3518;3849;14
3517;4827;42
3516;888;92
3515;2866;55
3514;3639;50
3513;465;18
3512;4699;53
3511;296;30
3510;3326;32
3509;3888;54
3508;2622;35
3507;519;67
3506;4494;92
3505;1231;85
3504;3658;10
3503;3516;5
3502;3642;22
3501;2412;32
3500;1342;51
3499;4401;80
3498;3153;16
3497;857;73
3496;1337;88
3495;4579;22
3494;4565;14
3493;4762;80
3492;4028;79
3491;3000;32
3490;3484;70
3489;524;98
3488;4381;88
3487;4066;57
3486;4533;21
3485;2118;61
3484;2646;99
3483;4700;79
3482;4042;99
3481;3615;30
3480;317;26
3479;514;60
3478;2782;11
3477;3036;44
3476;224;5
3475;902;27
3474;4618;87
3473;4860;69
3472;4198;82
3471;446;76
3470;4217;30
3469;1966;17
3468;3853;88
3467;502;10
3466;1293;18
3465;2277;46
3464;1531;46
3463;2614;86
3462;4940;54
3461;141;37
3460;1884;89
3459;3571;9
3458;179;84
3457;2946;38
3456;3270;66
3455;1005;40
3454;620;96
3453;2145;88
3452;1881;5
3451;1150;5
3450;29;56
3449;4717;53
3448;2349;45
3447;139;33
3446;3791;29
3445;1308;97
3444;4126;79
3443;1862;85
3442;275;63
3441;3364;99
3440;1135;23
3439;4203;70
3438;4210;96
3437;1117;95
3436;2446;51
3435;4995;35
3434;576;17
3433;4416;17
3432;1198;30
3431;1926;58
3430;4929;93
3429;4695;39
3428;242;93
3427;4345;36
3426;1457;41
3425;4717;8
3424;1653;8
3423;1083;56
3422;860;6
3421;4968;93
3420;1486;79
3419;575;16
3418;2493;44
3417;424;10
3416;3420;3
3415;1060;93
3414;3881;68
3413;1926;55
3412;334;74
3411;3568;13
3410;1239;65
3409;1374;13
3408;1409;98
3407;151;96
3406;2975;100
3405;1221;23
3404;4403;42
3403;2900;6
3402;3523;13
3401;3905;64
3400;4652;41
3399;4672;2
3398;537;42
3397;4355;72
3396;3364;29
3395;378;38
3394;3247;18
3393;952;10
3392;3127;9
3391;3244;38
3390;506;72
3389;4486;93
3388;810;19
3387;3820;18
3386;4835;39
3385;632;40
3384;3417;37
3383;3314;10
3382;1647;17
3381;785;93
3380;4019;4
3379;2915;8
3378;2387;85
3377;2864;99
3376;3945;50
3375;1618;50
3374;1802;78
3373;901;69
3372;142;11
3371;3037;26
3370;4116;26
3369;981;82
3368;740;14
3367;4649;79
3366;276;70
3365;4331;87
3364;652;50
3363;1889;13
3362;762;54
3361;3728;72
3360;2275;90
3359;2711;66
3358;585;84
3357;717;82
3356;382;86
3355;1125;20
3354;1240;91
3353;994;94
3352;3912;12
3351;3800;12
3350;2296;8
3349;3363;40
3348;292;54
3347;282;79
3346;4179;33
3345;2152;70
3344;1989;11
3343;1955;18
3342;436;0
3341;128;74
3340;148;18
3339;3087;17
3338;1918;30
3337;557;88
3336;106;25
3335;3291;86
3334;2796;90
3333;3795;12
3332;2414;33
3331;2704;45
3330;4243;7
3329;3917;29
3328;2500;52
3327;958;16
3326;1940;37
3325;2985;15
3324;3691;69
3323;1714;39
3322;1637;70
3321;1940;75
3320;4554;87
3319;587;32
3318;4644;73
3317;1017;23
3316;3217;18
3315;3569;86
3314;4889;25
3313;4618;94
3312;2673;43
3311;875;73
3310;3577;67
3309;2653;52
3308;421;31
3307;1371;56
3306;3396;16
3305;780;54
3304;3669;18
3303;4889;94
3302;4389;73
3301;4558;53
3300;1365;78
3299;4949;31
3298;4923;70
3297;4188;2
3296;1410;36
3295;4410;36
3294;120;0
3293;2593;84
3292;2358;51
3291;2414;3
3290;3857;77
3289;4390;81
3288;75;78
3287;2030;28
3286;3877;71
3285;30;36
3284;85;47
3283;3134;45
3282;633;87
3281;479;50
3280;980;64
3279;1342;15
3278;2887;31
3277;4183;51
3276;1816;42
3275;4365;11
3274;3142;97
3273;3827;39
3272;3772;39
3271;4178;40
3270;4902;7
3269;4980;7
3268;4539;34
3267;1416;40
3266;1062;39
3265;1795;29
3264;2422;58
3263;618;25
3262;2589;37
3261;4773;6
3260;380;18
3259;3591;42
3258;3225;16
3257;1111;7
3256;707;5
3255;4656;32
3254;2943;25
3253;4215;42
3252;1958;15
3251;4737;8
3250;3556;68
3249;1737;35
3248;3025;9
3247;2447;5
3246;2318;52
3245;442;2
3244;3576;46
3243;1132;84
3242;985;67
3241;3132;10
3240;3184;64
3239;2519;6
3238;4580;28
3237;3120;39
3236;2456;99
3235;2743;17
3234;1034;51
3233;3417;53
3232;2265;37
3231;1735;44
3230;798;18
3229;2587;5
3228;4882;75
3227;1402;75
3226;1209;69
3225;3029;87
3224;3652;36
3223;4708;46
3222;3868;88
3221;2454;1
3220;2133;36
3219;1566;39
3218;3046;71
3217;3495;41
3216;3996;44
3215;3128;84
3214;834;27
3213;3947;100
3212;2911;81
3211;4881;30
3210;4115;77
3209;4242;82
3208;1757;37
3207;1640;45
3206;2933;5
3205;680;13
3204;3580;53
3203;4594;98
3202;898;20
3201;813;42
3200;367;83
3199;139;63
3198;4745;22
3197;4953;83
3196;4563;75
3195;4073;36
3194;1068;66
3193;3931;14
3192;3623;100
3191;3862;25
3190;4382;3
3189;3840;84
3188;4043;63
3187;3740;75
3186;3038;87
3185;2243;48
3184;4533;32
3183;1327;39
3182;4141;69
3181;1992;67
3180;964;23
3179;3931;86
3178;3668;100
3177;404;94
3176;3862;87
3175;75;70
3174;4090;72
3173;3890;3
3172;1818;38
3171;3897;87
3170;1059;97
3169;1270;19
3168;1227;82
3167;2863;79
3166;1303;2
3165;4591;16
3164;4486;67
3163;3073;14
3162;3741;98
3161;3172;54
3160;1428;72
3159;1835;83
3158;3396;40
3157;3915;44
3156;1105;78
3155;505;39
3154;1556;44
3153;2001;68
3152;2958;95
3151;1825;95
3150;2091;56
3149;4700;45
3148;670;31
3147;2334;10
3146;1773;13
3145;4315;83
3144;499;83
3143;2239;33
3142;2418;66
3141;1779;21
3140;3124;48
3139;631;91
3138;1446;52
3137;1337;73
3136;1257;17
3135;4725;95
3134;933;62
3133;1681;72
3132;915;96
3131;2949;60
3130;1194;58
3129;3699;6
3128;2227;22
3127;1511;100
3126;3586;71
3125;1980;92
3124;2485;28
3123;3752;84
3122;74;38
3121;2487;57
3120;37;42
3119;2467;64
3118;201;31
3117;2237;33
3116;3195;12
3115;3820;89
3114;2772;75
3113;1311;46
3112;674;56
3111;3705;39
3110;4637;50
3109;1892;15
3108;4570;85
3107;121;73
3106;704;59
3105;2720;44
3104;4785;78
3103;4726;5
3102;2647;20
3101;4885;31
3100;296;8
3099;762;83
3098;4487;10
3097;1913;9
3096;2857;64
3095;2702;43
3094;1084;20
3093;2746;17
3092;3906;15
3091;3478;43
3090;2451;84
3089;3264;74
3088;1080;17
3087;1198;9
3086;1628;95
3085;4240;69
3084;4274;11
3083;4939;78
3082;4514;11
3081;3905;22
3080;2619;16
3079;849;95
3078;3805;42
3077;4756;44
3076;1585;12
3075;1313;91
3074;2156;4
3073;3868;43
3072;4473;4
3071;1176;19
3070;2306;44
3069;772;63
3068;1437;68
3067;413;74
3066;2521;46
3065;125;45
3064;847;64
3063;3678;79
3062;2230;37
3061;4946;79
3060;120;30
3059;3906;43
3058;2886;6
3057;2613;77
3056;1901;70
3055;1218;20
3054;3651;28
3053;1426;58
3052;3182;41
3051;2187;20
3050;2231;25
3049;3531;27
3048;4872;88
3047;1128;22
3046;302;80
3045;1220;47
3044;4554;57
3043;3502;7
3042;1137;1
3041;4211;55
3040;2148;78
3039;3713;46
3038;4814;72
3037;4850;77
3036;3790;18
3035;2364;90
3034;922;100
3033;1969;51
3032;3793;65
3031;3906;13
3030;3507;4
3029;4094;56
3028;164;61
3027;3219;27
3026;3294;9
3025;3467;56
3024;1202;23
3023;3359;99
3022;4966;79
3021;4550;62
3020;3521;33
3019;1252;0
3018;3777;95
3017;4612;80
3016;4866;76
3015;2150;13
3014;3467;69
3013;559;65
3012;1557;14
3011;3826;90
3010;368;17
3009;1535;10
3008;755;2
3007;4251;52
3006;2754;74
3005;4971;98
3004;4028;83
3003;4013;95
3002;3952;50
3001;2605;42
3000;662;89
2999;4573;97
2998;372;90
2997;1833;22
2996;1077;5
2995;484;93
2994;4156;4
2993;3306;38
2992;2624;28
2991;9;0
2990;4661;99
2989;3967;74
2988;4844;48
2987;3039;28
2986;4744;27
2985;1412;31
2984;845;77
2983;4551;6
2982;4987;32
2981;1135;39
2980;2566;51
2979;4369;34
2978;1228;22
2977;877;15
2976;1377;93
2975;1202;65
2974;1026;61
2973;1404;60
2972;1196;93
2971;2706;33
2970;3020;59
2969;2504;55
2968;625;23
2967;4691;57
2966;489;64
2965;1994;39
2964;551;35
2963;1081;21
2962;67;57
2961;1201;69
2960;4420;98
2959;747;58
2958;4621;42
2957;781;39
2956;4473;43
2955;1339;96
2954;671;24
2953;2725;43
2952;1394;78
2951;1630;15
2950;3437;22
2949;2774;68
2948;590;94
2947;470;95
2946;3888;13
2945;1526;30
2944;803;76
2943;1413;82
2942;4977;78
2941;2380;81
2940;3372;6
2939;4398;19
2938;4662;43
2937;4119;18
2936;4301;57
2935;3270;54
2934;2216;96
2933;4838;60
2932;2860;87
2931;2119;89
2930;481;74
2929;2479;21
2928;3937;15
2927;219;65
2926;3125;96
2925;239;74
2924;3828;52
2923;2267;78
2922;2264;0
2921;3144;1
2920;4329;66
2919;3837;51
2918;3480;42
2917;4948;27
2916;4107;4
2915;2625;97
2914;1899;73
2913;2141;33
2912;2368;51
2911;4299;19
2910;2962;99
2909;2784;98
2908;4893;9
2907;3167;61
2906;1152;94
2905;3576;32
2904;2581;42
2903;2632;79
2902;1037;18
2901;1240;49
2900;2593;48
2899;205;6
2898;1469;75
2897;4948;73
2896;374;64
2895;2381;99
2894;2442;57
2893;2775;85
2892;1474;24
2891;4260;41
2890;3448;3
2889;4019;5
2888;3667;85
2887;976;97
2886;3634;53
2885;265;45
2884;3952;98
2883;4466;54
2882;181;13
2881;1570;100
2880;4836;16
2879;2585;88
2878;1622;43
2877;2474;95
2876;3934;21
2875;4774;85
2874;241;18
2873;4941;12
2872;767;34
2871;3874;75
2870;3426;67
2869;213;40
2868;2515;31
2867;1920;38
2866;692;6
2865;4407;97
2864;2095;53
2863;1677;35
2862;3553;34
2861;4770;6
2860;3736;67
2859;363;60
2858;687;87
2857;2007;72
2856;3420;45
2855;75;21
2854;975;69
2853;1517;4
2852;3513;62
2851;1556;56
2850;2495;98
2849;4005;5
2848;4551;55
2847;4077;9
2846;4664;37
2845;3134;43
2844;2871;89
2843;3042;89
2842;4373;2
2841;3226;64
2840;1566;80
2839;2425;55
2838;245;74
2837;2084;84
2836;1438;73
2835;3042;90
2834;4229;27
2833;4084;35
2832;1917;84
2831;1972;44
2830;3579;15
2829;2007;87
2828;2414;24
2827;3698;86
2826;2774;85
2825;3251;92
2824;2331;27
2823;4941;80
2822;689;30
2821;2985;35
2820;1982;4
2819;4927;50
2818;1061;5
2817;3177;74
2816;4807;33
2815;915;24
2814;1667;45
2813;20;16
2812;2358;96
2811;3549;13
2810;4432;65
2809;4859;76
2808;4957;77
2807;3593;56
2806;1154;15
2805;4253;11
2804;3988;25
2803;569;87
2802;994;23
2801;1385;64
2800;2657;28
2799;1838;92
2798;4140;87
2797;3316;88
2796;2089;57
2795;1114;26
2794;848;66
2793;3952;86
2792;4197;28
2791;1958;70
2790;3534;69
2789;2528;72
2788;4708;6
2787;4841;63
2786;3440;74
2785;4708;96
2784;2437;63
2783;1647;53
2782;978;42
2781;3464;14
2780;3365;26
2779;1012;2
2778;2602;12
2777;3648;25
2776;3902;17
2775;1108;74
2774;4984;41
2773;1164;30
2772;1117;41
2771;2129;83
2770;4541;29
2769;3293;29
2768;2143;0
2767;3102;37
2766;2566;56
2765;4367;73
2764;8;84
2763;4050;29
2762;1896;84
2761;1463;75
2760;3235;63
2759;4502;43
2758;711;53
2757;4643;54
2756;1820;4
2755;822;8
2754;2861;84
2753;1536;7
2752;1203;35
2751;4547;37
2750;987;23
2749;582;6
2748;1066;27
2747;2108;79
2746;1058;36
2745;453;21
2744;4071;48
2743;1107;18
2742;762;21
2741;2257;26
2740;1516;8
2739;1734;18
2738;2853;5
2737;4852;55
2736;1656;36
2735;645;7
2734;4939;59
2733;3332;88
2732;2314;88
2731;2998;24
2730;4400;68
2729;186;48
2728;9;50
2727;1126;4
2726;1897;51
2725;2428;29
2724;3485;92
2723;4565;47
2722;712;99
2721;3080;90
2720;3313;37
2719;1676;85
2718;289;18
2717;4428;68
2716;3501;2
2715;2423;75
2714;713;78
2713;3051;20
2712;266;99
2711;3511;56
2710;3966;52
2709;1144;32
2708;4213;82
2707;4194;36
2706;3549;83
2705;4119;38
2704;1951;40
2703;1951;66
2702;47;90
2701;4706;18
2700;418;26
2699;2227;45
2698;1433;70
2697;4017;6
2696;4670;68
2695;4169;57
2694;52;61
2693;852;74
2692;4118;82
2691;2256;21
2690;3986;12
2689;1180;76
2688;4205;30
2687;4366;34
2686;3170;60
2685;4847;49
2684;577;92
2683;1016;45
2682;68;85
2681;1555;42
2680;2092;31
2679;4144;25
2678;3879;53
2677;4161;44
2676;3795;5
2675;3049;99
2674;796;38
2673;1205;75
2672;4029;23
2671;2781;79
2670;3704;16
2669;1745;33
2668;1669;29
2667;2215;37
2666;4232;65
2665;2601;12
2664;712;63
2663;1964;79
2662;985;6
2661;2845;6
2660;3266;100
2659;307;18
2658;4339;67
2657;3591;62
2656;4968;18
2655;3656;69
2654;2135;94
2653;3445;81
2652;2174;31
2651;2484;73
2650;2472;28
2649;2397;46
2648;2188;80
2647;3972;39
2646;3792;74
2645;2651;38
2644;4225;97
2643;1172;1
2642;1608;56
2641;3575;23
2640;3603;3
2639;2237;11
2638;872;39
2637;667;4
2636;4325;82
2635;1717;64
2634;814;97
2633;4704;6
2632;56;14
2631;456;33
2630;1975;26
2629;1842;88
2628;4722;11
2627;1736;54
2626;1868;79
2625;2363;5
2624;3127;10
2623;4219;37
2622;3335;58
2621;1353;21
2620;2493;61
2619;1693;23
2618;2185;95
2617;1723;61
2616;4727;87
2615;2003;83
2614;3482;76
2613;1024;46
2612;945;85
2611;582;33
2610;1278;35
2609;204;9
2608;2567;68
2607;4780;46
2606;3740;62
2605;4633;74
2604;4133;52
2603;4349;37
2602;2;88
2601;1661;40
2600;1097;1
2599;324;69
2598;1750;67
2597;3361;61
2596;3764;61
2595;1567;45
2594;175;64
2593;1531;18
2592;2510;13
2591;111;99
2590;1575;59
2589;1333;52
2588;3054;21
2587;3673;32
2586;4316;1
2585;3987;57
2584;127;0
2583;804;63
2582;4610;95
2581;3883;13
2580;4379;29
2579;4272;81
2578;3479;31
2577;749;46
2576;4857;33
2575;4826;91
2574;3763;83
2573;4165;30
2572;333;67
2571;1144;51
2570;573;7
2569;2263;71
2568;3925;55
2567;93;17
2566;4914;42
2565;4638;20
2564;4611;82
2563;1267;36
2562;230;65
2561;4647;76
2560;2202;94
2559;3249;25
2558;3649;2
2557;4054;44
2556;3915;40
2555;3280;86
2554;1714;27
2553;4587;35
2552;1660;14
2551;3447;26
2550;1692;78
2549;4084;5
2548;4524;98
2547;886;22
2546;4633;38
2545;4986;61
2544;1876;74
2543;3263;49
2542;285;40
2541;59;61
2540;475;29
2539;393;74
2538;2423;59
2537;540;79
2536;3588;97
2535;2307;8
2534;1608;93
2533;4286;34
2532;4501;65
2531;668;91
2530;927;96
2529;2208;84
2528;3812;52
2527;789;77
2526;398;81
2525;200;96
2524;4146;14
2523;592;20
2522;4662;30
2521;3400;12
2520;1919;17
2519;4237;100
2518;1104;11
2517;3366;9
2516;3713;71
2515;2826;74
2514;989;98
2513;2592;58
2512;1028;36
2511;2864;71
2510;3366;74
2509;2022;6
2508;1425;70
2507;3634;47
2506;2335;75
2505;1736;18
2504;2424;32
2503;4006;35
2502;1327;73
2501;804;27
2500;2523;38
2499;999;46
2498;722;49
2497;4525;84
2496;2853;31
2495;4870;49
2494;1044;27
2493;1319;10
2492;4170;89
2491;1581;11
2490;1392;81
2489;4599;37
2488;1775;9
2487;3950;96
2486;2415;56
2485;2939;84
2484;2504;13
2483;960;36
2482;4431;22
2481;2657;69
2480;559;61
2479;4946;68
2478;172;45
2477;2703;93
2476;4335;2
2475;4068;5
2474;3421;9
2473;3219;7
2472;3265;20
2471;1891;68
2470;3657;65
2469;4674;14
2468;3102;37
2467;402;62
2466;3420;74
2465;101;45
2464;2260;40
2463;3794;21
2462;113;30
2461;4122;30
2460;4658;32
2459;18;4
2458;636;52
2457;2529;20
2456;2350;51
2455;4665;69
2454;4253;46
2453;1379;46
2452;1507;59
2451;1547;73
2450;164;66
2449;672;0
2448;1657;42
2447;3242;45
2446;3048;14
2445;1992;81
2444;4856;70
2443;4571;3
2442;181;36
2441;3121;87
2440;2121;72
2439;4056;25
2438;3355;91
2437;2449;54
2436;3373;11
2435;4318;75
2434;3242;70
2433;426;96
2432;3132;36
2431;605;56
2430;2338;19
2429;916;2
2428;4363;91
2427;547;96
2426;2817;28
2425;2270;29
2424;1515;69
2423;4139;28
2422;3010;9
2421;2403;62
2420;3890;31
2419;1969;65
2418;4515;45
2417;4046;48
2416;2448;90
2415;3375;94
2414;2694;5
2413;4304;73
2412;2796;55
2411;1357;25
2410;427;68
2409;2865;42
2408;4060;2
2407;1900;40
2406;3739;57
2405;4894;63
2404;3898;22
2403;552;72
2402;526;88
2401;2757;68
2400;4654;70
2399;829;6
2398;920;21
2397;1167;16
2396;2902;48
2395;4073;51
2394;1275;16
2393;4034;20
2392;2678;82
2391;1746;76
2390;3626;56
2389;2461;77
2388;3970;26
2387;4348;83
2386;3410;11
2385;650;74
2384;1848;66
2383;3324;18
2382;2731;17
2381;2354;84
2380;2069;40
2379;4942;11
2378;707;36
2377;3520;10
2376;3093;14
2375;2486;0
2374;3178;53
2373;2097;10
2372;2183;51
2371;4407;20
2370;4151;20
2369;957;85
2368;217;17
2367;4501;73
2366;2246;11
2365;4952;3
2364;4388;88
2363;2042;21
2362;34;10
2361;1816;24
2360;1636;6
2359;3705;26
2358;879;22
2357;2620;96
2356;3827;22
2355;1705;97
2354;3061;97
2353;1492;36
2352;2643;14
2351;1574;95
2350;482;33
2349;364;74
2348;3129;65
2347;3483;6
2346;171;98
2345;1972;92
2344;4534;84
2343;1870;17
2342;3639;64
2341;3690;73
2340;2367;92
2339;1010;44
2338;5;52
2337;3957;78
2336;3658;40
2335;4385;46
2334;1862;59
2333;1619;2
2332;3066;16
2331;3855;93
2330;2165;100
2329;1583;32
2328;3225;47
2327;1899;68
2326;2261;7
2325;2846;66
2324;424;98
2323;4577;90
2322;1825;84
2321;10;48
2320;3819;57
2319;2213;54
2318;2847;40
2317;3666;55
2316;2938;62
2315;3092;15
2314;927;31
2313;2424;33
2312;2830;52
2311;3510;24
2310;709;81
2309;1509;96
2308;4958;81
2307;2135;15
2306;3357;30
2305;3307;68
2304;4618;75
2303;853;60
2302;462;70
2301;1780;65
2300;2037;33
2299;29;5
2298;800;27
2297;2965;30
2296;92;78
2295;1087;38
2294;3519;18
2293;2727;33
2292;3771;49
2291;1951;55
2290;439;4
2289;811;19
2288;1210;73
2287;3340;56
2286;306;51
2285;3585;60
2284;1748;64
2283;884;15
2282;4177;88
2281;2414;10
2280;924;81
2279;2477;4
2278;975;45
2277;2719;6
2276;2171;35
2275;2029;40
2274;2786;89
2273;2265;14
2272;4234;16
2271;4698;28
2270;2571;59
2269;2846;84
2268;2233;2
2267;3960;66
2266;4316;85
2265;2043;46
2264;1864;41
2263;4786;89
2262;4492;9
2261;1642;4
2260;1709;11
2259;724;68
2258;2005;87
2257;4874;32
2256;1560;59
2255;836;33
2254;2306;33
2253;2647;14
2252;3832;8
2251;2322;49
2250;827;76
2249;4975;89
2248;4545;46
2247;4418;21
2246;1750;91
2245;2826;81
2244;1040;2
2243;4492;7
2242;2963;2
2241;4471;45
2240;3029;58
2239;3889;25
2238;4188;82
2237;389;85
2236;1998;8
2235;599;45
2234;4471;63
2233;1969;80
2232;492;49
2231;2692;55
2230;4144;88
2229;4665;69
2228;740;19
2227;4989;35
2226;3424;42
2225;2617;94
2224;661;41
2223;3084;46
2222;1569;42
2221;4254;97
2220;3762;97
2219;100;3
2218;1577;30
2217;530;59
2216;4955;41
2215;850;76
2214;1850;72
2213;592;96
2212;4253;78
2211;2987;52
2210;4453;37
2209;2987;2
2208;301;81
2207;3511;38
2206;2028;53
2205;1248;64
2204;4356;21
2203;2847;58
2202;2939;86
2201;1479;79
2200;3391;65
2199;138;46
2198;3884;77
2197;1169;12
2196;2599;97
2195;1349;47
2194;4241;3
2193;2210;66
2192;2685;55
2191;4611;70
2190;737;88
2189;878;90
2188;1876;50
2187;324;68
2186;3047;69
2185;3898;65
2184;3645;88
2183;709;92
2182;2238;96
2181;2201;18
2180;1070;58
2179;4904;58
2178;3573;73
2177;89;91
2176;3910;79
2175;2399;32
2174;3589;0
2173;1371;22
2172;417;34
2171;2910;98
2170;917;63
2169;1585;27
2168;1376;83
2167;139;30
2166;983;95
2165;4148;77
2164;392;86
2163;4528;2
2162;493;90
2161;3995;75
2160;937;48
2159;1443;53
2158;3266;94
2157;944;59
2156;663;12
2155;756;1
2154;2142;84
2153;384;85
2152;1949;76
2151;4128;91
2150;3239;0
2149;500;95
2148;2112;16
2147;1695;91
2146;3233;19
2145;4972;90
2144;2592;83
2143;4814;32
2142;126;27
2141;4878;75
2140;1341;7
2139;2101;88
2138;3241;68
2137;3536;19
2136;2220;16
2135;110;26
2134;2832;45
2133;1496;83
2132;639;82
2131;3667;35
2130;1835;80
2129;900;50
2128;1728;24
2127;2424;40
2126;999;94
2125;1131;9
2124;4057;0
2123;3348;77
2122;4686;51
2121;1066;54
2120;319;13
2119;624;22
2118;1565;52
2117;2585;45
2116;4002;7
2115;3663;100
2114;342;89
2113;4517;37
2112;3857;7
2111;800;83
2110;3617;93
2109;4704;93
2108;3365;48
2107;2110;37
2106;2046;83
2105;1673;69
2104;3358;18
2103;4834;16
2102;1637;15
2101;3232;57
2100;331;27
2099;252;29
2098;116;98
2097;3231;49
2096;154;77
2095;2507;30
2094;4299;7
2093;3893;95
2092;4730;72
2091;3985;97
2090;3735;13
2089;3232;24
2088;870;64
2087;4084;83
2086;2134;44
2085;2003;74
2084;4197;19
2083;2794;33
2082;116;53
2081;3034;14
2080;1770;87
2079;185;25
2078;1191;23
2077;2646;31
2076;1034;11
2075;4525;4
2074;2951;27
2073;3738;56
2072;3568;5
2071;4602;65
2070;3827;12
2069;1315;27
2068;4550;24
2067;2625;19
2066;4731;27
2065;3168;15
2064;2350;98
2063;1955;10
2062;4898;60
2061;3337;89
2060;1111;36
2059;4803;76
2058;3148;21
2057;4376;21
2056;1179;66
2055;464;59
2054;3036;47
2053;4093;59
2052;724;82
2051;427;95
2050;3838;10
2049;2513;93
2048;2471;6
2047;2779;27
2046;2515;27
2045;703;12
2044;103;19
2043;1234;49
2042;2650;72
2041;457;1
2040;3771;100
2039;105;70
2038;485;4
2037;2066;57
2036;4381;30
2035;75;50
2034;4678;78
2033;2633;85
2032;3634;9
2031;2919;84
2030;1656;91
2029;4907;76
2028;548;63
2027;2240;66
2026;1070;91
2025;257;17
2024;3992;55
2023;3388;98
2022;4327;54
2021;3832;88
2020;4459;100
2019;156;83
2018;243;68
2017;2713;34
2016;2889;87
2015;3467;22
2014;3689;69
2013;3023;38
2012;4043;4
2011;4992;93
2010;2712;25
2009;3159;20
2008;697;62
2007;222;82
2006;1872;77
2005;3776;7
2004;3750;58
2003;3441;92
2002;4524;21
2001;4248;11
2000;4152;12
1999;2662;29
1998;4581;49
1997;4209;46
1996;4739;73
1995;554;97
1994;3310;78
1993;3246;42
1992;1061;85
1991;761;9
1990;2675;48
1989;4921;69
1988;460;10
1987;723;7
1986;1960;37
1985;1422;25
1984;2434;82
1983;2464;69
1982;1515;23
1981;2958;27
1980;3175;59
1979;4215;58
1978;701;71
1977;3782;54
1976;4307;37
1975;1872;73
1974;2127;24
1973;1794;31
1972;4194;80
1971;2602;48
1970;4884;80
1969;4885;69
1968;1350;62
1967;4365;71
1966;2226;8
1965;3743;31
1964;1413;95
1963;3617;94
1962;1268;62
1961;3017;44
1960;4718;45
1959;2550;74
1958;2297;53
1957;1177;60
1956;3110;28
1955;550;21
1954;1493;11
1953;588;4
1952;4968;1
1951;2022;20
1950;37;57
1949;2828;40
1948;777;79
1947;4856;75
1946;1535;88
1945;1930;12
1944;71;61
1943;804;77
1942;1238;57
1941;3814;18
1940;1580;70
1939;635;37
1938;4947;86
1937;1059;99
1936;2601;50
1935;2952;5
1934;3928;42
1933;4328;6
1932;3602;72
1931;4373;41
1930;2193;1
1929;792;2
1928;2365;11
1927;732;100
1926;556;72
1925;2038;83
1924;3007;84
1923;2209;91
1922;4824;11
1921;3486;17
1920;4591;96
1919;1563;27
1918;1460;38
1917;2387;87
1916;3604;4
1915;3766;90
1914;4652;22
1913;4457;23
1912;4316;8
1911;1148;68
1910;2444;6
1909;1744;80
1908;113;15
1907;1553;13
1906;1664;70
1905;1566;98
1904;196;87
1903;1512;94
1902;1626;75
1901;2003;19
1900;900;68
1899;2269;21
1898;1145;32
1897;3338;96
1896;1397;27
1895;2867;29
1894;1552;39
1893;4045;49
1892;4184;2
1891;780;92
1890;1145;2
1889;2620;76
1888;1527;28
1887;1799;7
1886;315;25
1885;1447;32
1884;1774;60
1883;3646;69
1882;2342;84
1881;4327;61
1880;564;6
1879;848;57
1878;2568;9
1877;803;40
1876;324;63
1875;4208;63
1874;633;11
1873;2139;9
1872;311;26
1871;1120;92
1870;2723;100
1869;4724;58
1868;4194;7
1867;1872;79
1866;4199;40
1865;71;56
1864;2427;66
1863;3958;62
1862;4635;91
1861;1226;14
1860;473;89
1859;955;73
1858;591;6
1857;3115;29
1856;1689;51
1855;1544;29
1854;4390;3
1853;1839;25
1852;2262;75
1851;146;12
1850;2822;82
1849;4421;39
1848;3582;85
1847;3742;51
1846;772;42
1845;3572;81
1844;522;27
1843;723;41
1842;2794;8
1841;1150;44
1840;1359;5
1839;625;90
1838;3895;72
1837;1602;83
1836;786;21
1835;4596;36
1834;4104;1
1833;3346;14
1832;3209;79
1831;421;71
1830;2456;58
1829;803;33
1828;912;93
1827;2338;71
1826;3853;12
1825;950;73
1824;4148;82
1823;1728;25
1822;4256;26
1821;2956;2
1820;426;78
1819;1100;74
1818;151;46
1817;228;57
1816;215;64
1815;4702;25
1814;3844;64
1813;4912;4
1812;1042;66
1811;2398;96
1810;3703;2
1809;955;10
1808;1471;27
1807;396;13
1806;3540;80
1805;4363;89
1804;1473;58
1803;4231;46
1802;4367;70
1801;1886;80
1800;3574;34
1799;4049;57
1798;1973;96
1797;4500;78
1796;1074;5
1795;3445;92
1794;4792;7
1793;808;6
1792;2811;23
1791;4800;8
1790;4935;39
1789;4432;29
1788;3193;41
1787;42;31
1786;2191;10
1785;2823;76
1784;505;94
1783;526;90
1782;3723;26
1781;3972;94
1780;1504;51
1779;128;62
1778;1754;88
1777;1258;70
1776;129;57
1775;1436;12
1774;1353;67
1773;4232;65
1772;4407;52
1771;3860;10
1770;4167;57
1769;584;95
1768;2720;38
1767;4572;94
1766;1626;22
1765;3458;56
1764;1855;57
1763;4772;61
1762;4257;26
1761;3503;19
1760;193;60
1759;241;46
1758;4978;36
1757;3690;3
1756;2625;24
1755;1354;11
1754;4274;95
1753;3968;23
1752;4940;96
1751;1707;89
1750;4498;21
1749;2642;72
1748;3872;71
1747;3050;99
1746;1140;5
1745;1246;46
1744;3192;46
1743;1927;93
1742;356;52
1741;2289;73
1740;1665;95
1739;2695;61
1738;4327;51
1737;2326;38
1736;3173;64
1735;4476;53
1734;705;28
1733;758;36
1732;726;9
1731;552;91
1730;2097;28
1729;4380;94
1728;188;18
1727;2260;10
1726;1418;13
1725;1731;33
1724;1521;66
1723;1920;64
1722;1681;64
1721;1112;43
1720;307;65
1719;3405;82
1718;1431;98
1717;4658;21
1716;2767;18
1715;4503;25
1714;437;69
1713;1823;34
1712;139;41
1711;3884;52
1710;787;11
1709;3736;43
1708;998;80
1707;790;10
1706;449;97
1705;278;59
1704;4156;44
1703;270;29
1702;3463;41
1701;3704;63
1700;652;69
1699;1241;63
1698;3074;79
1697;4617;84
1696;4922;30
1695;1888;85
1694;2502;73
1693;1809;61
1692;1609;56
1691;3418;85
1690;4847;9
1689;4562;3
1688;3658;34
1687;994;73
1686;3266;68
1685;1399;11
1684;4933;56
1683;1007;30
1682;122;88
1681;4463;69
1680;4291;47
1679;3622;90
1678;3795;15
1677;2658;28
1676;3097;57
1675;4293;84
1674;1496;83
1673;4269;31
1672;1101;31
1671;2012;48
1670;4243;4
1669;4961;66
1668;2815;31
1667;1922;91
1666;3749;71
1665;675;66
1664;2684;69
1663;3056;11
1662;4125;41
1661;4528;24
1660;4955;20
1659;4238;38
1658;3095;4
1657;4441;57
1656;1755;42
1655;1186;77
1654;2278;82
1653;4729;69
1652;4334;87
1651;1772;72
1650;2617;81
1649;4272;91
1648;1032;24
1647;4029;2
1646;761;72
1645;2740;63
1644;2027;55
1643;4892;23
1642;1481;93
1641;1413;61
1640;1541;75
1639;833;94
1638;2930;60
1637;4375;75
1636;4696;5
1635;4288;30
1634;479;68
1633;683;90
1632;3117;78
1631;3765;97
1630;2612;48
1629;4249;26
1628;2849;9
1627;1884;71
1626;188;94
1625;1071;32
1624;4699;60
1623;1667;47
1622;733;90
1621;3849;74
1620;4114;85
1619;431;42
1618;1036;60
1617;3745;52
1616;870;34
1615;3420;58
1614;3552;71
1613;2075;20
1612;2739;88
1611;2850;97
1610;2336;68
1609;4905;52
1608;3462;22
1607;4502;89
1606;1706;97
1605;86;29
1604;2832;19
1603;2234;74
1602;1198;50
1601;4533;9
1600;1828;20
1599;4584;33
1598;230;9
1597;103;28
1596;2837;38
1595;3546;90
1594;2218;7
1593;1034;64
1592;4316;39
1591;2353;84
1590;3670;86
1589;3530;40
1588;4090;3
1587;983;38
1586;3614;30
1585;1396;84
1584;1351;81
1583;3437;48
1582;4938;7
1581;999;28
1580;3716;1
1579;822;41
1578;1911;56
1577;2865;44
1576;579;87
1575;2411;4
1574;1523;13
1573;1050;69
1572;4143;25
1571;373;55
1570;463;11
1569;1072;30
1568;3147;72
1567;147;14
1566;3027;76
1565;2510;29
1564;207;24
1563;1280;100
1562;4365;42
1561;1563;84
1560;2897;52
1559;3272;79
1558;863;50
1557;2925;29
1556;1592;63
1555;894;99
1554;3503;81
1553;1026;49
1552;169;37
1551;2801;19
1550;4718;52
1549;334;21
1548;4702;4
1547;1726;73
1546;3250;80
1545;492;80
1544;427;80
1543;4636;64
1542;4088;34
1541;3860;8
1540;1910;97
1539;2657;46
1538;4700;23
1537;3252;23
1536;4687;0
1535;4245;17
1534;1603;63
1533;2963;66
1532;2982;51
1531;3277;38
1530;2295;27
1529;2487;93
1528;2922;58
1527;648;72
1526;1004;59
1525;954;96
1524;313;73
1523;2097;64
1522;3763;17
1521;2394;61
1520;2869;19
1519;3123;82
1518;3719;59
1517;4233;91
1516;4962;54
1515;328;59
1514;1058;78
1513;3474;22
1512;3113;30
1511;2405;34
1510;4060;71
1509;615;62
1508;2047;73
1507;3967;46
1506;4801;89
1505;608;39
1504;319;25
1503;1038;65
1502;3572;15
1501;794;29
1500;3413;35
1499;4585;20
1498;514;93
1497;3927;4
1496;525;5
1495;817;41
1494;4708;49
1493;4448;36
1492;715;15
1491;3985;53
1490;4562;31
1489;3638;96
1488;2960;20
1487;1464;64
1486;2246;29
1485;3258;67
1484;3830;98
1483;2620;93
1482;3489;17
1481;2005;22
1480;1106;63
1479;1726;33
1478;3623;88
1477;2872;52
1476;2225;42
1475;373;48
1474;698;91
1473;2812;83
1472;3169;100
1471;3623;86
1470;470;81
1469;1163;57
1468;2231;39
1467;3803;52
1466;3378;74
1465;3888;29
1464;2324;65
1463;4193;77
1462;1867;29
1461;2417;12
1460;2650;44
1459;2020;33
1458;3155;31
1457;4461;93
1456;184;17
1455;1273;81
1454;2225;3
1453;4839;14
1452;3291;90
1451;1693;67
1450;3467;84
1449;2448;56
1448;2300;32
1447;185;78
1446;1310;16
1445;2052;56
1444;1641;84
1443;858;32
1442;4915;49
1441;2817;6
1440;2081;58
1439;3098;6
1438;4703;93
1437;2524;45
1436;2560;19
1435;3972;80
1434;3593;81
1433;1077;54
1432;1112;55
1431;572;50
1430;3492;97
1429;922;88
1428;3716;50
1427;2895;13
1426;4090;79
1425;4538;98
1424;1975;11
1423;1158;68
1422;2639;91
1421;4920;37
1420;4623;92
1419;1667;87
1418;1508;56
1417;1304;91
1416;1599;3
1415;1628;34
1414;4007;71
1413;1076;3
1412;3495;95
1411;1185;54
1410;2555;98
1409;3501;62
1408;2771;93
1407;1408;21
1406;3840;90
1405;1380;0
1404;4077;74
1403;878;10
1402;3975;66
1401;4075;83
1400;3183;67
1399;4547;9
1398;763;11
1397;2272;2
1396;1190;81
1395;2306;62
1394;1611;34
1393;1394;38
1392;48;18
1391;510;45
1390;4939;89
1389;3711;90
1388;4595;66
1387;4000;33
1386;225;37
1385;1009;8
1384;2799;21
1383;4102;1
1382;4028;5
1381;2812;61
1380;2037;42
1379;1770;93
1378;2575;88
1377;2734;29
1376;1906;65
1375;4078;12
1374;4004;67
1373;2241;58
1372;4268;71
1371;1529;85
1370;4992;49
1369;2761;34
1368;925;76
1367;2052;97
1366;153;43
1365;3656;71
1364;2870;23
1363;653;49
1362;2849;1
1361;568;17
1360;1228;42
1359;1520;2
1358;714;87
1357;3179;68
1356;3998;37
1355;1552;53
1354;3454;55
1353;4451;99
1352;3604;46
1351;2309;93
1350;959;26
1349;991;60
1348;1209;3
1347;3882;68
1346;1826;12
1345;4100;17
1344;4112;52
1343;3247;60
1342;3813;88
1341;3852;13
1340;3143;66
1339;4459;95
1338;1060;68
1337;4747;90
1336;182;39
1335;3795;13
1334;2044;87
1333;1766;100
1332;2390;23
1331;792;92
1330;174;83
1329;967;40
1328;4096;73
1327;1164;40
1326;1159;54
1325;3972;77
1324;3999;90
1323;3327;28
1322;4273;86
1321;1390;11
1320;4720;51
1319;421;57
1318;807;48
1317;1293;50
1316;628;68
1315;98;7
1314;2955;95
1313;1152;89
1312;3784;98
1311;1528;22
1310;4168;95
1309;3760;86
1308;211;3
1307;1592;58
1306;1887;44
1305;1833;100
1304;1072;48
1303;939;10
1302;3766;2
1301;2303;38
1300;48;55
1299;823;19
1298;3854;13
1297;2265;20
1296;2609;100
1295;2004;3
1294;3332;61
1293;194;88
1292;2266;59
1291;4170;50
1290;3021;95
1289;615;78
1288;1625;6
1287;3715;56
1286;658;26
1285;3184;92
1284;155;58
1283;4201;4
1282;4074;11
1281;1975;32
1280;3134;54
1279;2946;79
1278;2793;75
1277;4725;5
1276;2339;99
1275;263;99
1274;281;36
1273;2947;25
1272;4975;24
1271;719;27
1270;3796;21
1269;1971;92
1268;788;23
1267;3826;75
1266;0;38
1265;4129;50
1264;4958;0
1263;1651;15
1262;788;45
1261;322;67
1260;3884;56
1259;3990;52
1258;2238;38
1257;3087;98
1256;411;73
1255;2870;2
1254;51;16
1253;1493;15
1252;1662;42
1251;3118;24
1250;4381;86
1249;2919;92
1248;3384;85
1247;379;99
1246;3659;78
1245;2134;46
1244;1582;37
1243;2003;95
1242;1464;81
1241;3061;66
1240;4556;63
1239;305;2
1238;1352;14
1237;3433;10
1236;3505;23
1235;1760;83
1234;506;36
1233;745;52
1232;386;2
1231;3855;45
1230;889;35
1229;492;84
1228;1344;51
1227;4820;71
1226;1906;54
1225;2345;40
1224;426;20
1223;1548;60
1222;1929;88
1221;148;64
1220;1971;49
1219;1827;49
1218;497;93
1217;2276;88
1216;1091;43
1215;511;83
1214;3624;87
1213;63;89
1212;3827;66
1211;2700;83
1210;2538;96
1209;4359;49
1208;3539;50
1207;4992;85
1206;3314;3
1205;2128;70
1204;1010;88
1203;4437;47
1202;748;20
1201;3924;4
1200;867;34
1199;2147;28
1198;4066;41
1197;363;7
1196;955;72
1195;595;25
1194;2450;30
1193;1551;63
1192;1570;60
1191;2461;1
1190;2075;56
1189;4200;41
1188;4356;13
1187;1753;70
1186;2600;46
1185;3185;13
1184;4176;65
1183;2533;72
1182;3881;32
1181;3729;78
1180;4888;6
1179;4163;57
1178;4545;14
1177;2319;2
1176;3872;44
1175;279;36
1174;2432;27
1173;2278;11
1172;3499;36
1171;3782;38
1170;1420;14
1169;4982;26
1168;4096;22
1167;2779;41
1166;1299;6
1165;2765;92
1164;1647;93
1163;4164;28
1162;3430;90
1161;3577;63
1160;4073;8
1159;4287;38
1158;3546;3
1157;2350;91
1156;2153;3
1155;3138;100
1154;1050;86
1153;1859;44
1152;1105;12
1151;223;67
1150;3382;34
1149;4993;64
1148;3729;36
1147;3178;19
1146;4445;17
1145;609;14
1144;1691;43
1143;1904;76
1142;4814;18
1141;1658;35
1140;1391;94
1139;1861;59
1138;4769;20
1137;4342;35
1136;369;44
1135;444;41
1134;430;33
1133;4018;83
1132;223;85
1131;4294;69
1130;2753;63
1129;3977;80
1128;1503;95
1127;4530;58
1126;2119;48
1125;1063;82
1124;1700;100
1123;3926;72
1122;29;11
1121;2511;56
1120;4880;29
1119;54;11
1118;1781;90
1117;4121;77
1116;4922;26
1115;1571;85
1114;1903;46
1113;450;91
1112;276;18
1111;2848;67
1110;4041;61
1109;921;19
1108;516;73
1107;3544;43
1106;4548;8
1105;3283;16
1104;1017;82
1103;2467;75
1102;1389;27
1101;3621;97
1100;1233;92
1099;1518;82
1098;1655;27
1097;1995;8
1096;2162;87
1095;2578;35
1094;3082;55
1093;3526;42
1092;4495;50
1091;570;26
1090;1290;72
1089;1607;49
1088;4037;35
1087;2918;1
1086;4593;42
1085;1553;58
1084;2694;13
1083;478;76
1082;1711;1
1081;2819;74
1080;2670;47
1079;2677;26
1078;1826;0
1077;2174;14
1076;1022;83
1075;4898;75
1074;4225;13
1073;4180;69
1072;1699;1
1071;4723;46
1070;133;9
1069;278;91
1068;1217;1
1067;3066;8
1066;2550;1
1065;1863;42
1064;4311;19
1063;1700;15
1062;1264;76
1061;6;83
1060;3624;41
1059;4958;61
1058;856;69
1057;2593;48
1056;1829;25
1055;1218;34
1054;1630;23
1053;489;21
1052;4764;79
1051;4386;70
1050;43;22
1049;3066;85
1048;2837;83
1047;4745;85
1046;1347;32
1045;2193;40
1044;4308;63
1043;345;2
1042;3905;41
1041;2678;0
1040;4449;42
1039;4115;14
1038;2187;52
1037;2997;68
1036;1168;89
1035;2167;42
1034;1737;37
1033;514;89
1032;1470;85
1031;2689;67
1030;2683;84
1029;3162;66
1028;1446;47
1027;2334;51
1026;3862;19
1025;981;38
1024;940;25
1023;585;64
1022;3152;63
1021;3832;33
1020;2820;37
1019;3639;78
1018;665;30
1017;3339;23
1016;2524;1
1015;2905;72
1014;3543;58
1013;1097;15
1012;1063;48
1011;5;10
1010;2429;50
1009;1943;65
1008;2892;44
1007;227;49
1006;2065;29
1005;134;64
1004;3832;94
1003;2932;30
1002;3290;7
1001;4767;32
1000;19;0
999;1548;95
998;2514;42
997;2331;59
996;1857;5
995;2124;76
994;4311;35
993;4637;44
992;3017;27
991;2770;84
990;4477;9
989;4535;4
988;1406;55
987;1333;25
986;3399;22
985;694;20
984;14;12
983;2704;19
982;2126;40
981;3847;78
980;1821;80
979;2824;34
978;541;52
977;4417;13
976;989;20
975;1574;28
974;2271;80
973;3408;99
972;897;10
971;4183;25
970;4283;68
969;1452;59
968;971;38
967;2367;5
966;1142;3
965;3658;87
964;4549;19
963;3361;96
962;1314;97
961;2750;86
960;1204;85
959;2779;56
958;3328;26
957;1277;99
956;3875;75
955;3928;30
954;4746;39
953;1761;89
952;1869;25
951;1553;61
950;3231;64
949;4906;62
948;1265;90
947;3776;94
946;4851;61
945;4620;100
944;4871;83
943;1405;4
942;4520;11
941;3736;41
940;4359;40
939;1419;22
938;1404;94
937;3674;3
936;625;55
935;2824;42
934;2188;51
933;1253;82
932;1734;61
931;4368;51
930;285;5
929;2702;14
928;788;76
927;3936;46
926;1541;58
925;1478;28
924;1569;77
923;2431;65
922;3553;44
921;2713;83
920;3790;100
919;2202;22
918;3404;64
917;1521;88
916;2948;100
915;1578;65
914;3356;20
913;2330;1
912;1635;66
911;1836;25
910;2943;29
909;1523;42
908;3943;77
907;4367;3
906;2719;78
905;1305;91
904;4517;13
903;1386;57
902;2822;60
901;3535;82
900;4237;37
899;1678;78
898;2172;42
897;3566;42
896;1715;13
895;4384;37
894;4365;23
893;642;23
892;2692;48
891;3863;19
890;645;98
889;1126;28
888;1076;11
887;4378;21
886;1711;68
885;3293;83
884;1256;79
883;2528;83
882;358;28
881;3220;24
880;4669;0
879;4800;46
878;102;43
877;1411;87
876;3577;60
875;3926;51
874;2292;46
873;4253;16
872;1215;12
871;3412;72
870;1023;69
869;4714;12
868;1895;46
867;1362;94
866;2537;89
865;2644;6
864;2279;84
863;2882;31
862;1258;68
861;1067;39
860;2532;65
859;1992;95
858;627;5
857;2711;34
856;152;79
855;4604;41
854;4494;36
853;192;2
852;2393;67
851;1307;19
850;4774;72
849;3476;7
848;3485;73
847;824;88
846;3295;5
845;4477;12
844;1356;95
843;4385;87
842;2264;13
841;2476;38
840;710;66
839;3516;53
838;2108;55
837;2399;19
836;1141;95
835;767;25
834;4097;71
833;866;24
832;1392;60
831;3534;98
830;3648;49
829;251;68
828;2615;67
827;3823;71
826;4743;100
825;3672;4
824;4072;45
823;2013;71
822;4891;21
821;689;2
820;764;46
819;4006;28
818;3499;75
817;872;57
816;2134;16
815;4922;52
814;1295;53
813;968;32
812;4476;86
811;3074;20
810;524;90
809;2094;73
808;1292;74
807;3479;90
806;2232;74
805;2527;50
804;1802;64
803;953;12
802;1029;91
801;4905;72
800;2800;74
799;1927;87
798;4691;33
797;2962;50
796;1244;33
795;1770;34
794;3839;82
793;1217;35
792;2199;24
791;3886;86
790;1812;25
789;989;57
788;2342;63
787;4222;49
786;4048;57
785;226;75
784;4433;20
783;1223;24
782;997;2
781;3902;74
780;3952;36
779;1075;72
778;602;62
777;2356;84
776;1891;72
775;346;1
774;4151;38
773;3460;91
772;1332;12
771;4440;99
770;1105;86
769;3352;45
768;3761;67
767;2909;49
766;1892;69
765;1547;93
764;4916;87
763;3280;93
762;4707;41
761;260;38
760;4216;64
759;3589;30
758;3706;72
757;184;100
756;3586;85
755;3054;39
754;3977;59
753;566;34
752;2246;39
751;3570;74
750;3268;63
749;4993;7
748;1316;99
747;2896;10
746;3672;81
745;3087;73
744;2066;85
743;396;37
742;3531;83
741;481;94
740;3563;18
739;1748;32
738;3544;53
737;4495;79
736;3283;24
735;1566;23
734;3929;71
733;4041;3
732;3826;53
731;4396;5
730;3581;98
729;705;5
728;2128;24
727;3566;85
726;2101;96
725;4005;77
724;1777;77
723;1595;83
722;1968;71
721;1827;36
720;1114;65
719;4824;17
718;3666;5
717;4021;73
716;1641;73
715;2494;73
714;1038;44
713;1580;77
712;3683;13
711;1600;25
710;1781;45
709;874;93
708;4213;30
707;3156;57
706;734;59
705;454;50
704;206;12
703;1684;100
702;3900;65
701;1859;38
700;2620;95
699;1867;85
698;2930;23
697;228;90
696;4397;40
695;2347;98
694;4382;79
693;829;57
692;2725;20
691;4963;3
690;4341;70
689;2247;96
688;2271;32
687;1194;46
686;4876;83
685;910;32
684;2534;30
683;591;34
682;1564;9
681;3164;12
680;4801;95
679;4152;18
678;4849;93
677;1136;52
676;2971;43
675;2653;50
674;3782;8
673;2973;44
672;4927;0
671;2226;88
670;4653;57
669;2937;29
668;2853;15
667;1255;100
666;1861;37
665;898;85
664;88;86
663;1541;54
662;529;7
661;397;75
660;2100;56
659;1628;32
658;4564;34
657;4211;1
656;4233;34
655;551;69
654;1941;72
653;290;40
652;1753;10
651;3692;65
650;4438;97
649;1168;60
648;3120;4
647;3421;39
646;682;66
645;759;58
644;419;89
643;4168;49
642;3894;99
641;760;84
640;2139;16
639;1046;65
638;2052;48
637;40;16
636;2496;57
635;3175;57
634;601;43
633;4045;67
632;956;10
631;102;77
630;116;10
629;4050;13
628;872;94
627;4481;69
626;3451;4
625;2256;54
624;1849;77
623;1401;85
622;437;93
621;589;75
620;1394;8
619;3220;69
618;1274;100
617;4272;36
616;3745;85
615;2263;63
614;400;15
613;4043;67
612;1961;11
611;2560;92
610;2526;74
609;1366;84
608;888;27
607;4992;96
606;2435;10
605;4516;90
604;1029;26
603;1983;81
602;340;4
601;4651;74
600;4722;19
599;3586;79
598;1412;83
597;4312;81
596;4123;6
595;2784;43
594;4912;31
593;3322;24
592;3109;94
591;2208;95
590;2158;10
589;4820;3
588;3137;80
587;4174;83
586;2946;10
585;4172;32
584;3337;91
583;4403;77
582;1139;54
581;3907;42
580;208;84
579;2005;87
578;495;22
577;624;37
576;3989;65
575;3054;33
574;3355;64
573;616;52
572;4497;82
571;445;22
570;1922;28
569;3056;63
568;2131;14
567;4360;14
566;1618;64
565;1320;84
564;2760;89
563;4449;34
562;2753;29
561;334;81
560;3480;41
559;2789;45
558;4039;54
557;99;54
556;4396;95
555;330;59
554;4167;71
553;1914;30
552;2170;72
551;2361;0
550;336;36
549;4636;30
548;3169;49
547;2024;82
546;3183;25
545;3383;63
544;2298;59
543;789;15
542;3111;10
541;2669;75
540;1001;12
539;3368;35
538;3964;7
537;3361;80
536;1275;45
535;1703;82
534;177;44
533;873;55
532;3;66
531;604;55
530;3872;24
529;3290;98
528;3947;31
527;110;54
526;4118;13
525;2129;96
524;823;0
523;2219;65
522;3769;73
521;4541;99
520;2975;14
519;1494;49
518;1468;12
517;4478;57
516;4248;64
515;3233;11
514;663;72
513;929;96
512;3886;45
511;412;80
510;1622;90
509;3415;96
508;270;32
507;2989;39
506;118;56
505;2712;96
504;4119;16
503;498;46
502;2776;60
501;1587;83
500;1226;19
499;3789;92
498;100;28
497;380;31
496;3460;96
495;672;18
494;1288;70
493;1581;39
492;1210;92
491;425;32
490;1996;30
489;150;26
488;1825;47
487;2981;11
486;1895;48
485;3191;0
484;4790;2
483;2609;61
482;4300;77
481;4724;26
480;3376;61
479;3161;21
478;1902;80
477;1512;19
476;320;2
475;4485;36
474;2161;40
473;410;26
472;532;8
471;87;19
470;816;26
469;1062;52
468;232;3
467;407;53
466;3610;26
465;4842;91
464;1871;36
463;2127;59
462;1372;18
461;4210;76
460;1646;30
459;1892;66
458;4050;67
457;199;11
456;1454;63
455;1165;61
454;3922;18
453;1497;67
452;2646;13
451;2295;13
450;3087;66
449;2149;95
448;2159;85
447;4005;76
446;4757;52
445;2272;2
444;1120;93
443;3969;2
442;2620;87
441;1530;73
440;3793;11
439;3181;58
438;515;78
437;3160;2
436;2303;58
435;782;91
434;2596;76
433;357;54
432;3312;3
431;4646;72
430;1010;95
429;1244;87
428;2769;15
427;1853;16
426;3026;60
425;3216;51
424;978;4
423;4589;37
422;2893;82
421;3892;47
420;4900;99
419;1502;22
418;3325;49
417;2996;2
416;678;66
415;1959;34
414;2061;59
413;3408;48
412;113;99
411;2515;11
410;2376;23
409;3048;87
408;2595;89
407;688;66
406;1202;1
405;1366;25
404;3279;77
403;1518;55
402;3456;90
401;3203;17
400;340;9
399;999;77
398;441;80
397;3268;56
396;2484;42
395;449;92
394;3740;93
393;2480;74
392;1247;83
391;1630;45
390;1657;4
389;3081;48
388;1813;77
387;4639;19
386;3372;6
385;3302;73
384;2477;71
383;4922;76
382;1465;36
381;4171;62
380;1777;70
379;2765;59
378;4542;98
377;2573;37
376;1920;94
375;732;30
374;1295;99
373;3796;76
372;906;19
371;3039;64
370;2846;76
369;1171;33
368;598;13
367;2359;53
366;4013;48
365;846;25
364;2330;15
363;2750;11
362;113;38
361;1268;5
360;402;31
359;2048;1
358;2361;99
357;4039;17
356;253;89
355;626;40
354;310;29
353;3712;67
352;4914;5
351;1834;75
350;241;83
349;2889;63
348;1357;71
347;2392;99
346;2918;28
345;3363;37
344;2290;95
343;3979;77
342;4445;75
341;1943;64
340;2999;30
339;1302;31
338;2465;12
337;4107;29
336;3593;24
335;3050;54
334;4577;73
333;757;2
332;4696;14
331;2693;79
330;2973;70
329;3780;21
328;744;13
327;2391;12
326;1019;86
325;2889;94
324;211;12
323;1264;74
322;3927;40
321;3771;48
320;1768;34
319;1606;37
318;4623;65
317;205;28
316;2827;9
315;4832;33
314;1240;21
313;797;95
312;1529;41
311;2836;80
310;2498;40
309;705;47
308;2732;82
307;3449;21
306;3261;26
305;2797;69
304;760;26
303;1526;19
302;4580;11
301;2834;7
300;2882;18
299;2093;99
298;746;36
297;4593;14
296;2358;45
295;1253;25
294;3236;16
293;2400;85
292;3695;19
291;412;3
290;4204;95
289;3062;79
288;3306;71
287;1880;81
286;2324;63
285;1962;28
284;2655;90
283;1083;67
282;3370;92
281;184;16
280;4338;54
279;2121;19
278;3689;94
277;782;17
276;385;52
275;1588;32
274;4732;56
273;3548;81
272;4352;77
271;1922;80
270;1378;42
269;2780;36
268;2625;60
267;1207;8
266;2708;64
265;4307;60
264;3164;28
263;4075;18
262;3077;48
261;2132;49
260;754;2
259;4750;55
258;2648;6
257;4757;82
256;1410;72
255;3461;39
254;1570;23
253;2147;96
252;1053;83
251;4214;31
250;4053;10
249;2493;3
248;3805;1
247;3120;93
246;642;43
245;4062;55
244;938;27
243;4460;63
242;4458;68
241;4437;61
240;2470;13
239;3811;97
238;4883;29
237;3627;47
236;1869;89
235;4398;66
234;2182;73
233;945;73
232;4295;3
231;3814;99
230;2585;19
229;4007;77
228;603;52
227;4586;93
226;1550;76
225;3964;50
224;1786;36
223;1574;88
222;4083;62
221;1430;12
220;228;39
219;1558;68
218;212;63
217;311;29
216;2293;41
215;1722;95
214;1518;73
213;4125;33
212;3776;35
211;4329;36
210;1560;81
209;4660;14
208;1189;44
207;2812;46
206;3215;64
205;1306;58
204;4971;20
203;3061;55
202;362;8
201;4003;54
200;312;30
199;4148;19
198;2817;81
197;1668;7
196;2832;48
195;3881;80
194;1412;38
193;952;33
192;1308;34
191;3426;70
190;1408;76
189;4649;62
188;1705;65
187;2929;36
186;4496;76
185;3291;100
184;3699;51
183;3381;77
182;2794;6
181;3059;6
180;3602;16
179;1473;0
178;3999;68
177;4581;58
176;958;1
175;763;79
174;2540;19
173;2723;46
172;4003;64
171;3155;75
170;919;90
169;64;12
168;4070;21
167;4308;46
166;3177;95
165;3687;75
164;3624;52
163;2722;11
162;459;49
161;4075;24
160;1180;85
159;4091;89
158;2966;69
157;3185;95
156;2590;36
155;130;78
154;1620;42
153;2455;100
152;3834;47
151;3356;71
150;271;58
149;213;51
148;2502;5
147;3432;59
146;510;72
145;1517;14
144;113;8
143;4772;96
142;3974;89
141;2080;25
140;2216;78
139;951;50
138;1326;0
137;3607;70
136;1059;23
135;4585;95
134;1609;100
133;4036;75
132;861;92
131;1830;42
130;342;93
129;1802;86
128;1007;89
127;3383;17
126;4445;84
125;4592;19
124;694;4
123;2838;89
122;4984;19
121;3076;70
120;127;95
119;3961;64
118;4301;20
117;771;95
116;2577;24
115;260;10
114;4735;81
113;3109;36
112;2187;92
111;924;15
110;1998;72
109;1410;25
108;289;73
107;4357;2
106;3766;69
105;1385;61
104;1151;58
103;2886;77
102;3129;92
101;2355;53
100;1652;59
99;459;3
98;4575;4
97;2096;91
96;4591;51
95;2799;63
94;2945;81
93;3562;83
92;1413;53
91;3552;89
90;239;84
89;839;83
88;1524;12
87;2964;64
86;2506;3
85;3025;45
84;4116;14
83;4989;60
82;2937;43
81;4718;76
80;1629;78
79;3296;45
78;4189;68
77;3436;33
76;4346;40
75;1879;2
74;4333;22
73;3274;79
72;3030;45
71;2960;36
70;4901;30
69;1100;17
68;3889;79
67;243;48
66;3070;4
65;4766;79
64;172;3
63;1961;53
62;3359;80
61;1930;99
60;4400;33
59;137;83
58;428;80
57;2278;86
56;2478;27
55;3333;14
54;3706;70
53;1082;19
52;193;50
51;3868;22
50;1367;78
49;2532;38
48;4649;74
47;2384;64
46;2713;84
45;128;62
44;1910;38
43;4397;92
42;1030;7
41;1681;90
40;4557;78
39;3844;84
38;2040;44
37;2809;93
36;476;62
35;2471;12
34;227;20
33;1091;80
32;4443;9
31;4221;16
30;819;62
29;2204;0
28;1131;61
27;2056;70
26;4288;98
25;391;77
24;2001;9
23;830;49
22;764;54
21;4142;32
20;922;56
19;2466;45
18;1957;100
17;4539;78
16;4868;55
15;423;13
14;3249;32
13;3891;40
12;1302;76
11;2615;37
10;3288;21
9;4044;23
8;1740;38
7;1828;23
6;3764;40
5;4375;3
4;3739;47
3;4939;39
2;1043;66
1;4111;27
