200;183;14
199;79;7
198;165;69
197;101;10
196;28;93
195;136;24
194;78;6
193;111;2
192;87;11
191;99;99
190;86;7
189;168;32
188;62;40
187;136;96
186;0;64
185;62;66
184;177;74
183;106;24
182;174;8
181;141;54
180;63;5
179;190;11
178;136;89
177;80;83
176;164;73
175;38;53
174;194;14
173;169;15
172;24;23
171;118;45
170;158;38
169;153;30
168;150;53
167;134;45
166;24;87
165;174;15
164;52;12
163;66;77
162;89;16
161;140;58
160;167;72
159;134;10
158;196;91
157;100;57
156;151;89
155;13;16
154;166;15
153;5;64
152;57;31
151;156;87
150;117;50
149;46;86
148;4;80
147;156;23
146;191;60
145;49;60
144;149;62
143;2;25
142;183;34
141;135;100
140;167;70
139;150;54
138;109;7
137;135;18
136;84;91
135;186;9
134;10;38
133;153;61
132;98;72
131;195;31
130;136;8
129;120;24
128;114;82
127;103;21
126;147;77
125;183;100
124;32;2
123;195;86
122;195;72
121;7;87
120;168;68
119;78;40
118;69;57
117;173;66
116;13;23
115;30;66
114;106;44
113;134;43
112;84;76
111;86;81
110;7;55
109;65;82
108;84;50
107;92;70
106;29;81
105;59;35
104;38;89
103;47;74
102;79;70
101;121;59
100;105;37
99;97;8
98;158;97
97;47;5
96;118;98
95;11;76
94;112;43
93;114;3
92;44;28
91;68;71
90;171;37
89;190;73
88;73;37
87;180;26
86;157;17
85;44;8
84;17;34
83;56;75
82;53;53
81;175;54
80;136;66
79;104;37
78;82;70
77;127;93
76;105;94
75;178;77
74;87;53
73;85;19
72;139;75
71;21;68
70;140;53
69;39;16
68;190;72
67;87;35
66;66;21
65;44;92
64;130;24
63;85;48
62;67;80
61;197;61
60;135;95
59;166;40
58;165;78
57;161;43
56;161;91
55;52;73
54;161;88
53;139;11
52;75;80
51;141;42
50;184;16
49;28;70
48;153;44
47;170;78
46;172;87
45;49;81
44;65;36
43;86;85
42;50;37
41;50;16
40;119;89
39;168;11
38;52;4
37;80;68
36;88;22
35;146;13
34;17;37
33;84;33
32;47;98
31;167;36
30;56;12
29;14;74
28;69;48
27;176;35
26;37;62
25;126;9
24;64;20
23;137;83
22;154;76
21;93;43
20;181;18
19;9;88
18;92;51
17;9;56
16;133;8
15;47;45
14;76;45
13;161;40
12;197;35
11;3;29
10;157;97
9;64;81
8;86;10
7;170;80
6;84;57
5;142;7
4;13;81
3;120;66
2;132;7
1;170;48
200;109;100
199;43;10
198;95;34
197;182;8
196;159;93
195;157;8
194;124;80
193;118;60
192;98;89
191;144;75
190;124;50
189;29;64
188;87;65
187;91;89
186;132;9
185;32;98
184;95;68
183;78;37
182;161;94
181;157;56
180;43;24
179;3;50
178;82;79
177;104;74
176;125;19
175;146;22
174;50;82
173;113;48
172;100;1
171;18;49
170;70;86
169;96;83
168;173;19
167;52;44
166;63;28
165;190;40
164;170;0
163;5;82
162;70;20
161;132;27
160;16;15
159;178;15
158;187;41
157;7;67
156;82;55
155;186;10
154;139;56
153;7;15
152;94;11
151;32;100
150;53;46
149;113;32
148;144;39
147;80;53
146;69;16
145;185;52
144;79;48
143;161;86
142;153;23
141;73;22
140;36;27
139;171;90
138;8;82
137;195;20
136;97;95
135;44;15
134;11;100
133;140;29
132;38;86
131;28;77
130;20;62
129;164;25
128;72;21
127;15;93
126;77;61
125;170;31
124;74;30
123;59;15
122;180;12
121;21;73
120;142;28
119;191;62
118;188;11
117;170;3
116;55;34
115;30;61
114;193;0
113;161;85
112;71;93
111;141;39
110;166;34
109;28;51
108;156;33
107;10;7
106;107;6
105;20;79
104;148;98
103;118;92
102;173;64
101;140;34
