100;48;33
99;65;40
98;54;66
97;22;56
96;43;86
95;60;93
94;82;48
93;87;21
92;0;11
91;46;61
90;46;19
89;27;80
88;68;15
87;15;64
86;21;25
85;65;83
84;93;46
83;92;58
82;86;21
81;16;58
80;19;49
79;36;47
78;8;68
77;35;17
76;74;12
75;13;9
74;38;17
73;62;71
72;7;33
71;79;42
70;40;9
69;82;81
68;55;86
67;2;53
66;56;64
65;24;53
64;35;34
63;36;78
62;64;87
61;67;45
60;61;41
59;16;35
58;81;21
57;21;36
56;11;34
55;39;44
54;48;99
53;54;99
52;88;74
51;68;19
50;80;24
49;77;69
48;25;5
47;27;85
46;2;47
45;83;82
44;17;94
43;7;74
42;18;93
41;92;67
40;20;60
39;89;64
38;18;76
37;63;24
36;79;76
35;17;38
34;44;29
33;51;49
32;73;80
31;5;40
30;89;40
29;42;2
28;6;63
27;61;98
26;57;54
25;49;93
24;50;48
23;35;96
22;73;24
21;87;62
20;13;9
19;72;26
18;31;35
17;68;96
16;62;24
15;16;13
14;21;64
13;60;84
12;23;76
11;47;7
10;44;72
9;13;12
8;66;18
7;59;72
6;86;51
5;59;95
4;76;82
3;39;18
2;84;61
1;34;79
100;97;9
99;39;61
98;53;12
97;63;13
96;28;84
95;62;95
94;46;79
93;64;77
92;57;64
91;5;6
90;2;31
89;36;25
88;73;91
87;60;66
86;58;95
85;33;77
84;55;53
83;80;45
82;38;19
81;15;53
80;54;87
79;9;7
78;1;50
77;22;87
76;36;13
75;63;66
74;51;22
73;30;50
72;31;58
71;34;0
70;36;40
69;32;18
68;64;19
67;23;24
66;13;81
65;66;39
64;55;2
63;31;23
62;97;1
61;10;51
60;93;81
59;69;50
58;17;56
57;84;58
56;57;30
55;90;37
54;96;32
53;85;16
52;79;70
51;85;31
50;9;85
49;41;29
48;49;14
47;88;70
46;77;34
45;58;54
44;60;88
43;69;71
42;81;27
41;78;38
40;17;32
39;41;84
38;80;8
37;17;59
36;74;81
35;58;75
34;25;54
33;62;19
32;91;14
31;73;82
30;28;1
29;77;57
28;40;57
27;31;76
26;72;40
25;20;30
24;35;66
23;35;9
22;20;76
21;60;75
20;54;53
19;20;4
18;66;45
17;20;35
16;51;55
15;53;72
14;81;29
13;7;46
12;7;65
11;50;98
10;85;23
9;53;17
8;18;37
7;37;38
6;39;26
5;10;15
4;73;71
3;82;79
2;94;24
1;87;23
100;82;38
99;13;99
98;57;87
97;87;87
96;30;100
95;36;47
94;52;77
93;68;24
92;82;52
91;48;48
90;36;55
89;90;15
88;42;67
87;46;92
86;51;91
85;0;98
84;97;26
83;92;41
82;34;82
81;69;67
80;91;45
79;36;90
78;67;42
77;1;44
76;9;3
75;51;89
74;4;71
73;37;74
72;2;31
71;19;58
70;89;80
69;87;47
68;43;85
67;93;15
66;95;28
65;37;72
64;23;61
63;20;72
62;93;62
61;7;23
60;78;83
59;73;21
58;81;37
57;15;86
56;46;74
55;85;2
54;0;54
53;19;13
52;83;11
51;56;92
50;29;92
49;75;37
48;6;76
47;62;19
46;88;54
45;89;97
44;13;4
43;62;78
42;95;60
41;23;24
40;16;9
39;84;5
38;52;25
37;78;52
36;86;64
35;33;46
34;91;16
33;91;100
32;79;45
31;63;91
30;65;39
29;91;48
28;61;0
27;92;94
26;61;61
25;95;73
24;92;68
23;26;21
22;87;14
21;67;6
20;94;31
19;36;4
18;23;19
17;35;45
16;68;92
15;76;24
14;28;49
13;23;38
12;16;98
11;38;74
10;25;62
9;61;71
8;98;0
7;96;18
6;41;95
5;50;80
4;40;15
3;35;25
2;35;75
1;52;51
100;64;12
99;50;65
98;83;21
97;90;53
96;67;54
95;11;10
94;27;46
93;54;11
92;0;4
91;92;87
90;94;55
89;57;44
88;20;65
87;1;85
86;89;64
85;2;24
84;50;81
83;63;69
82;78;86
81;27;62
80;70;76
79;42;37
78;25;11
77;41;76
76;93;35
75;15;55
74;30;26
73;26;12
72;42;19
71;56;59
70;78;57
69;64;78
68;18;74
67;85;29
66;49;11
65;45;40
64;31;27
63;46;30
62;1;14
61;19;27
60;40;87
59;98;16
58;49;73
57;13;44
56;74;16
55;57;100
54;50;85
53;51;10
52;5;58
51;17;9
50;56;84
49;28;65
48;53;100
47;2;55
46;15;77
45;78;83
44;61;92
43;77;99
42;35;79
41;63;13
40;47;75
39;89;39
38;45;4
37;15;3
36;63;23
35;12;41
34;56;40
33;21;2
32;75;49
31;9;76
30;71;33
29;36;19
28;49;23
27;88;29
26;14;51
25;64;43
24;91;69
23;88;9
22;46;42
21;77;36
20;24;41
19;63;5
18;30;46
17;33;25
16;69;65
15;68;33
14;31;42
13;39;76
12;83;14
11;21;40
10;39;93
9;27;38
8;33;30
7;51;21
6;83;91
5;79;68
4;39;99
3;34;10
2;37;35
1;71;81
100;24;1
99;36;83
98;1;71
97;50;21
96;77;42
95;78;63
94;36;8
93;4;9
92;7;90
91;76;45
90;35;79
89;89;5
88;61;86
87;38;90
86;36;43
85;76;11
84;95;77
83;76;11
82;40;41
81;48;69
80;61;40
79;67;74
78;27;65
77;16;81
76;21;41
75;1;100
74;19;72
73;66;71
72;81;43
71;31;8
70;85;41
69;77;97
68;16;6
67;27;36
66;57;19
65;13;5
64;92;18
63;36;58
62;26;31
61;63;12
60;80;45
59;42;32
58;42;95
57;94;53
56;70;7
55;43;2
54;30;9
53;64;31
52;16;66
51;71;37
50;81;48
49;90;82
48;35;89
47;72;44
46;15;76
45;27;13
44;25;13
43;17;62
42;67;65
41;92;5
40;32;44
39;91;76
38;71;63
37;82;47
36;47;49
35;76;5
34;5;3
33;74;100
32;49;38
31;93;21
30;72;82
29;59;78
28;7;31
27;81;69
26;8;4
25;86;56
24;91;74
23;45;61
22;71;47
21;22;29
20;94;40
19;83;29
18;95;43
17;24;9
16;19;84
15;94;16
14;21;75
13;2;8
12;4;51
11;44;88
10;92;99
9;75;35
8;1;62
7;12;13
6;92;48
5;23;99
4;20;27
3;82;11
2;51;53
1;70;69
100;17;63
99;89;49
98;6;68
97;9;77
96;10;43
95;51;23
94;94;86
93;45;48
92;6;89
91;50;21
90;2;80
89;73;3
88;74;42
87;77;15
86;97;50
85;62;62
84;15;59
83;94;50
82;85;55
81;93;89
80;93;6
79;94;4
78;97;42
77;96;16
76;54;74
75;17;91
74;33;71
73;8;7
72;11;77
71;25;85
70;87;43
69;40;83
68;14;68
67;72;84
66;26;21
65;85;65
64;9;46
63;77;60
62;37;12
61;76;36
60;76;56
59;70;3
58;36;94
57;75;75
56;89;43
55;22;4
54;39;98
53;23;57
52;74;24
51;6;3
50;89;5
49;78;17
48;30;44
47;23;75
46;61;22
45;95;96
44;79;21
43;4;87
42;95;34
41;70;32
40;67;25
39;71;89
38;93;78
37;63;7
36;15;26
35;65;41
34;74;0
33;3;40
32;88;14
31;93;39
30;91;35
29;74;65
28;45;79
27;47;3
26;36;41
25;81;26
24;11;12
23;87;59
22;42;86
21;86;18
20;62;97
19;1;27
18;48;10
17;73;94
16;79;58
15;96;99
14;4;23
13;44;86
12;4;91
11;75;2
10;12;49
9;65;28
8;90;92
7;34;33
6;1;2
5;29;95
4;46;62
3;20;64
2;3;4
1;98;19
100;18;46
99;30;92
98;85;27
97;20;41
96;18;45
95;25;65
94;95;17
93;94;78
92;81;25
91;39;97
90;40;27
89;79;85
88;79;16
87;55;42
86;20;87
85;59;49
84;21;18
83;83;56
82;31;23
81;20;38
80;33;2
79;56;55
78;50;4
77;89;13
76;38;75
75;90;30
74;8;63
73;65;12
72;4;21
71;63;15
70;16;29
69;74;43
68;62;2
67;76;66
66;20;39
65;60;31
64;28;25
63;69;3
62;47;88
61;93;47
60;52;3
59;6;62
58;96;80
57;34;16
56;87;3
55;6;15
54;73;25
53;42;53
52;90;89
51;89;97
50;23;99
49;37;91
48;35;12
47;81;87
46;10;58
45;96;12
44;39;71
43;5;66
42;58;0
41;72;68
40;86;49
39;73;81
38;26;81
37;30;43
36;8;31
35;60;59
34;61;47
33;4;31
32;47;2
31;67;76
30;80;12
29;7;38
28;15;44
27;8;45
26;76;39
25;72;22
24;81;66
23;27;37
22;54;52
21;32;18
20;71;55
19;24;34
18;41;51
17;39;94
16;72;60
15;96;0
14;33;40
13;69;47
12;93;31
11;66;60
10;47;53
9;61;77
8;58;45
7;51;85
6;4;65
5;89;32
4;85;49
3;40;21
2;32;28
1;9;69
100;78;17
99;37;50
98;28;35
97;15;73
96;47;44
95;82;13
94;11;46
93;17;18
92;12;24
91;10;81
90;74;37
89;15;57
88;16;96
87;16;45
86;47;89
85;5;39
84;61;54
83;88;40
82;94;10
81;77;6
80;62;48
79;18;29
78;92;11
77;48;8
76;48;60
75;69;22
74;55;79
73;58;76
72;8;67
71;61;61
70;36;46
69;18;42
68;3;72
67;91;86
66;20;6
65;96;11
64;9;77
63;81;83
62;63;9
61;18;7
60;65;42
59;73;56
58;47;69
57;55;96
56;16;45
55;38;8
54;77;29
53;95;59
52;49;50
51;78;58
50;8;0
49;80;48
48;42;32
47;3;32
46;98;32
45;3;50
44;13;60
43;60;22
42;92;65
41;91;22
40;21;43
39;16;56
38;92;9
37;14;42
36;59;95
35;85;5
34;4;81
33;96;86
32;75;71
31;19;86
30;54;47
29;13;9
28;4;73
27;83;40
26;48;63
25;91;11
24;91;46
23;29;90
22;36;26
21;45;79
20;85;39
19;23;92
18;24;54
17;59;88
16;92;29
15;52;84
14;55;35
13;32;74
12;94;8
11;28;4
10;59;82
9;17;50
8;34;70
7;52;75
6;41;12
5;82;56
4;93;52
3;62;94
2;86;90
1;91;100
100;25;61
99;22;62
98;60;46
97;53;63
96;61;84
95;75;53
94;37;33
93;9;34
92;70;34
91;77;90
90;93;91
89;28;50
88;55;98
87;70;100
86;94;42
85;91;83
84;68;13
83;34;45
82;83;42
81;65;54
80;81;28
79;12;55
78;45;29
77;64;22
76;81;90
75;29;2
74;48;97
73;37;90
72;37;75
71;38;38
70;48;52
69;55;56
68;85;25
67;42;89
66;36;23
65;19;72
64;41;39
63;86;8
62;79;56
61;30;28
60;89;2
59;18;11
58;3;44
57;30;92
56;33;12
55;20;45
54;39;99
53;38;100
52;45;35
51;84;32
50;93;73
49;64;5
48;81;17
47;67;30
46;21;23
45;24;32
44;57;72
43;48;67
42;25;19
41;94;65
40;72;8
39;53;12
38;43;19
37;19;17
36;75;22
35;10;37
34;14;59
33;11;88
32;76;59
31;9;67
30;50;11
29;48;73
28;43;14
27;52;97
26;65;76
25;6;79
24;1;52
23;78;0
22;69;59
21;96;87
20;5;25
19;68;42
18;45;85
17;84;13
16;17;19
15;19;7
14;31;84
13;63;65
12;58;8
11;29;52
10;26;24
9;56;13
8;73;20
7;72;26
6;15;68
5;75;91
4;66;2
3;46;57
2;52;97
1;70;33
