100;74;1
99;84;80
98;37;20
97;1;43
96;77;11
95;60;82
94;56;59
93;42;50
92;8;45
91;92;59
90;98;69
89;94;99
88;78;61
87;96;8
86;80;48
85;81;98
84;16;63
83;65;24
82;88;8
81;32;42
80;70;67
79;16;74
78;31;99
77;93;10
76;17;2
75;96;22
74;76;87
73;91;65
72;6;59
71;82;52
70;46;53
69;10;30
68;17;73
67;14;59
66;36;19
65;47;51
64;25;33
63;2;72
62;8;89
61;28;77
60;92;40
59;81;12
58;41;10
57;13;54
56;91;11
55;57;11
54;84;11
53;17;30
52;43;32
51;68;39
50;87;50
49;31;98
48;86;89
47;48;55
46;83;40
45;89;29
44;28;16
43;35;54
42;10;77
41;78;92
40;66;60
39;85;39
38;27;64
37;31;14
36;7;16
35;18;95
34;12;60
33;38;58
32;10;88
31;32;83
30;82;55
29;18;70
28;33;91
27;93;1
26;5;34
25;45;11
24;45;81
23;96;84
22;60;3
21;78;29
20;48;65
19;67;85
18;83;96
17;15;90
16;94;95
15;43;100
14;43;98
13;5;84
12;84;58
11;88;77
10;92;93
9;62;71
8;60;22
7;64;11
6;28;79
5;52;28
4;93;25
3;15;20
2;70;87
1;67;8
100;21;25
99;54;62
98;88;34
97;90;3
96;24;83
95;84;15
94;61;58
93;62;47
92;77;29
91;3;6
90;16;85
89;19;49
88;23;44
87;32;84
86;39;33
85;64;5
84;9;48
83;98;40
82;69;61
81;13;10
80;18;37
79;69;17
78;85;43
77;26;26
76;46;28
75;78;93
74;24;68
73;24;83
72;5;30
71;87;11
70;90;53
69;21;73
68;15;78
67;91;76
66;3;21
65;17;23
64;22;88
63;54;46
62;8;45
61;16;19
60;91;23
59;18;51
58;93;86
57;52;59
56;69;25
55;22;91
54;31;26
53;54;17
52;89;95
51;67;19
50;41;95
49;7;64
48;29;28
47;76;3
46;60;72
45;13;16
44;98;36
43;64;24
42;10;88
41;26;66
40;60;29
39;30;54
38;14;4
37;67;53
36;91;87
35;11;71
34;0;10
33;97;11
32;33;98
31;41;83
30;63;60
29;24;42
28;28;18
27;17;89
26;7;89
25;92;30
24;45;48
23;26;32
22;59;54
21;4;37
20;58;83
19;11;1
18;13;46
17;10;76
16;83;64
15;20;24
14;4;62
13;71;81
12;34;52
11;18;81
10;26;81
9;58;0
8;24;45
7;92;96
6;27;30
5;22;65
4;55;39
3;51;91
2;63;22
1;85;41
100;70;39
99;73;66
98;28;5
97;52;89
96;96;82
95;96;55
94;39;75
93;28;68
92;35;62
91;88;63
90;44;21
89;12;48
88;18;46
87;31;50
86;78;48
85;28;42
84;96;70
83;64;80
82;56;34
81;92;75
80;10;47
79;17;4
78;28;79
77;89;81
76;17;9
75;31;12
74;96;80
73;7;9
72;2;25
71;57;64
70;71;88
69;85;82
68;37;39
67;96;27
66;49;58
65;18;88
64;50;57
63;98;42
62;63;34
61;2;59
60;8;40
59;50;17
58;40;65
57;34;76
56;18;15
55;18;76
54;11;66
53;0;50
52;0;36
51;52;53
50;6;15
49;56;54
48;54;62
47;32;92
46;50;58
45;46;72
44;67;17
43;28;41
42;43;89
41;80;16
40;94;40
39;12;77
38;0;36
37;65;12
36;24;76
35;26;63
34;30;58
33;76;54
32;94;65
31;17;73
30;42;10
29;17;9
28;58;38
27;73;49
26;45;96
25;6;76
24;92;86
23;98;62
22;79;13
21;44;6
20;72;78
19;30;9
18;91;68
17;75;75
16;68;18
15;54;9
14;53;55
13;74;64
12;44;42
11;9;26
10;55;16
9;34;34
8;66;68
7;44;20
6;81;63
5;33;51
4;10;69
3;39;38
2;35;29
1;92;7
