100;23;76
99;11;93
98;82;54
97;64;60
96;72;92
95;43;51
94;37;64
93;58;47
92;35;9
91;86;36
90;92;18
89;55;98
88;33;92
87;38;38
86;91;66
85;92;68
84;25;10
83;0;60
82;83;97
81;42;8
80;82;48
79;9;59
78;10;57
77;28;33
76;23;80
75;91;97
74;15;81
73;77;84
72;98;81
71;52;26
70;18;14
69;60;4
68;5;54
67;59;79
66;26;69
65;28;75
64;59;87
63;64;85
62;28;43
61;32;69
60;61;78
59;51;24
58;89;59
57;71;52
56;85;21
55;44;66
54;41;20
53;1;75
52;22;100
51;97;57
50;40;35
49;59;87
48;76;48
47;5;58
46;5;13
45;53;1
44;37;57
43;84;41
42;78;38
41;15;35
40;21;14
39;21;68
38;90;38
37;67;76
36;19;48
35;88;17
34;61;35
33;5;100
32;16;17
31;64;23
30;8;5
29;97;22
28;59;84
27;57;7
26;0;95
25;81;8
24;82;68
23;50;35
22;38;50
21;2;98
20;40;86
19;60;20
18;83;87
17;57;22
16;61;11
15;55;72
14;71;82
13;1;76
12;64;61
11;12;46
10;67;6
9;63;82
8;34;20
7;54;96
6;13;7
5;48;79
4;18;92
3;16;55
2;97;56
1;43;10
100;85;65
99;18;31
98;72;25
97;83;100
96;43;77
95;53;25
94;25;88
93;90;78
92;36;0
91;80;63
90;55;33
89;24;64
88;93;82
87;66;43
86;83;7
85;46;86
84;62;7
83;21;56
82;30;57
81;13;24
80;36;99
79;32;11
78;4;23
77;43;71
76;54;2
75;29;86
74;3;30
73;89;54
72;4;92
71;12;35
70;78;91
69;97;34
68;54;1
67;55;63
66;53;52
65;70;44
64;37;3
63;84;74
62;97;87
61;54;36
60;87;7
59;67;65
58;66;79
57;48;35
56;71;69
55;60;28
54;41;56
53;41;77
52;61;5
51;57;79
50;19;62
49;18;26
48;60;52
47;81;12
46;13;84
45;52;27
44;67;55
43;80;97
42;52;94
41;83;77
40;58;29
39;78;63
38;64;88
37;21;38
36;57;40
35;44;37
34;15;48
33;19;79
32;85;65
31;1;54
30;25;96
29;19;52
28;47;84
27;86;17
26;82;93
25;75;94
24;89;96
23;91;97
22;5;22
21;55;80
20;23;86
19;26;10
18;13;63
17;60;91
16;78;14
15;7;66
14;60;17
13;24;75
12;69;83
11;29;29
10;13;16
9;41;54
8;47;39
7;32;1
6;11;85
5;39;38
4;6;58
3;75;85
2;45;76
1;20;73
100;54;97
99;68;24
98;1;55
97;74;57
96;75;26
95;75;25
94;58;14
93;8;36
92;93;48
91;20;100
90;33;35
89;93;53
88;79;87
87;85;4
86;26;75
85;54;2
84;18;73
83;50;9
82;62;23
81;20;62
80;90;32
79;85;28
78;79;58
77;64;3
76;85;59
75;29;15
74;53;45
73;47;10
72;90;66
71;92;32
70;84;29
69;88;79
68;16;67
67;48;33
66;63;98
65;25;100
64;26;8
63;44;30
62;63;18
61;41;53
60;61;65
59;38;98
58;21;44
57;98;35
56;57;33
55;57;69
54;81;62
53;54;38
52;53;94
51;37;63
50;38;36
49;36;79
48;93;90
47;54;96
46;25;81
45;50;17
44;76;38
43;50;35
42;4;71
41;93;28
40;93;41
39;10;9
38;45;33
37;21;98
36;12;88
35;16;86
34;95;22
33;37;64
32;9;94
31;94;89
30;44;39
29;15;86
28;59;61
27;59;44
26;6;92
25;4;46
24;77;64
23;50;42
22;36;27
21;43;77
20;2;26
19;39;69
18;21;54
17;12;93
16;0;100
15;32;4
14;90;48
13;15;82
12;39;80
11;9;95
10;28;94
9;54;83
8;95;89
7;98;97
6;32;50
5;9;18
4;29;50
3;3;15
2;49;14
1;41;67
100;97;40
99;78;37
98;4;34
97;34;38
96;66;10
95;0;22
94;97;72
93;73;52
92;47;98
91;8;20
90;18;49
89;35;65
88;86;37
87;75;5
86;13;45
85;56;57
84;85;59
83;25;52
82;7;12
81;57;22
80;85;67
79;12;20
78;86;31
77;81;66
76;49;1
75;45;80
74;98;73
73;11;64
72;50;2
71;3;40
70;56;48
69;2;69
68;43;67
67;33;3
66;2;94
65;78;41
64;71;11
63;71;91
62;66;62
61;44;52
60;77;7
59;10;78
58;92;100
57;19;23
56;91;62
55;24;86
54;93;30
53;17;15
52;25;68
51;85;78
50;20;36
49;70;95
48;95;79
47;88;54
46;68;71
45;31;13
44;75;70
43;22;6
42;85;77
41;61;48
40;62;84
39;12;99
38;93;8
37;95;44
36;80;0
35;30;95
34;83;2
33;58;69
32;44;20
31;79;13
30;7;28
29;5;59
28;56;77
27;75;74
26;88;45
25;35;81
24;87;79
23;64;88
22;80;74
21;38;89
20;64;31
19;71;22
18;63;45
17;93;98
16;50;56
15;3;97
14;20;72
13;81;88
12;44;34
11;14;54
10;49;36
9;70;18
8;42;20
7;74;64
6;47;26
5;86;16
4;59;13
3;63;35
2;44;43
1;59;91
100;53;42
99;67;40
98;18;61
97;77;60
96;13;94
95;96;93
94;55;22
93;42;15
92;47;37
91;58;7
90;66;32
89;36;7
88;22;58
87;29;31
86;63;26
85;27;60
84;0;71
83;52;95
82;13;39
81;9;79
80;19;21
79;3;79
78;83;10
77;87;99
76;6;86
75;97;27
74;48;24
73;45;80
72;87;55
71;3;78
70;35;44
69;98;10
68;91;29
67;86;92
66;46;12
65;86;62
64;88;100
63;57;18
62;53;18
61;13;40
60;31;0
59;51;19
58;88;33
57;67;98
56;33;27
55;53;7
54;93;91
53;58;51
52;8;48
51;35;47
50;37;38
49;64;60
48;10;58
47;49;37
46;24;58
45;30;39
44;35;7
43;11;50
42;35;72
41;22;60
40;77;35
39;90;23
38;1;98
37;63;14
36;8;75
35;91;91
34;49;65
33;4;46
32;23;74
31;27;33
30;61;17
29;89;14
28;4;63
27;51;97
26;94;68
25;4;21
24;41;6
23;61;54
22;20;16
21;53;73
20;30;92
19;14;82
18;86;50
17;21;86
16;72;22
15;3;23
14;24;81
13;48;84
12;25;38
11;55;100
10;78;79
9;5;87
8;13;31
7;8;65
6;74;21
5;9;70
4;80;57
3;84;57
2;79;26
1;76;78
100;83;28
99;13;66
98;24;16
97;1;49
96;97;54
95;77;81
94;86;34
93;87;22
92;36;7
91;94;87
90;11;0
89;85;12
88;56;6
87;62;31
86;47;71
85;15;74
84;40;32
83;34;45
82;56;21
81;46;36
80;50;20
79;16;59
78;91;67
77;44;48
76;51;30
75;64;29
74;75;71
73;86;75
72;72;92
71;30;62
70;16;70
69;38;5
68;37;23
67;65;51
66;95;39
65;83;33
64;5;17
63;96;73
62;63;55
61;61;79
60;80;69
59;85;28
58;5;27
57;68;95
56;8;26
55;60;91
54;12;8
53;48;97
52;23;84
51;22;37
50;64;69
49;44;55
48;56;84
47;81;45
46;41;37
45;46;27
44;27;9
43;72;46
42;55;29
41;87;93
40;71;41
39;12;40
38;22;41
37;89;78
36;97;48
35;39;9
34;55;19
33;20;48
32;33;63
31;13;9
30;75;68
29;8;53
28;18;56
27;60;22
26;1;14
25;10;90
24;6;65
23;61;100
22;10;84
21;64;94
20;21;48
19;2;67
18;35;8
17;60;66
16;96;8
15;92;80
14;28;53
13;41;86
12;27;59
11;50;52
10;43;39
9;40;57
8;59;79
7;27;96
6;7;38
5;32;100
4;53;47
3;9;16
2;46;41
1;11;98
100;13;99
99;66;92
98;32;4
97;85;21
96;16;46
95;52;97
94;22;39
93;82;99
92;86;73
91;83;17
90;96;90
89;44;92
88;91;22
87;25;55
86;20;78
85;49;15
84;66;28
83;55;51
82;19;10
81;19;78
80;31;29
79;46;78
78;57;11
77;44;69
76;38;73
75;51;6
74;66;16
73;96;77
72;38;25
71;39;53
70;25;73
69;13;29
68;23;86
67;48;42
66;0;62
65;81;30
64;71;14
63;44;14
62;85;63
61;44;42
60;98;63
59;44;34
58;13;84
57;8;38
56;26;12
55;12;58
54;65;48
53;57;78
52;43;98
51;87;57
50;85;15
49;11;90
48;83;15
47;69;6
46;64;54
45;51;57
44;15;46
43;35;73
42;94;16
41;60;54
40;89;99
39;46;54
38;54;24
37;13;90
36;48;23
35;4;84
34;13;28
33;70;48
32;98;99
31;19;31
30;5;99
29;97;9
28;35;79
27;46;78
26;59;60
25;19;67
24;33;62
23;77;45
22;77;60
21;50;78
20;39;65
19;79;44
18;18;44
17;4;38
16;20;74
15;0;78
14;2;5
13;11;48
12;18;9
11;78;49
10;41;16
9;21;22
8;82;1
7;23;99
6;63;58
5;58;6
4;8;59
3;9;10
2;58;53
1;72;44
100;29;35
99;97;36
98;69;88
97;73;100
96;42;94
95;74;34
94;74;33
93;21;52
92;5;75
91;98;70
90;40;4
89;30;6
88;13;93
87;30;36
86;0;35
85;7;71
84;90;94
83;14;32
82;23;96
81;35;2
80;45;97
79;62;76
78;53;0
77;52;71
76;27;34
75;72;63
74;44;84
73;47;96
72;98;86
71;72;62
70;79;57
69;40;93
68;3;34
67;30;28
66;39;99
65;60;59
64;71;30
63;51;96
62;90;31
61;52;29
60;40;23
59;71;84
58;35;90
57;55;25
56;49;3
55;18;89
54;97;23
53;0;13
52;87;32
51;40;12
50;45;73
49;39;84
48;6;24
47;14;91
46;40;40
45;25;23
44;74;87
43;16;67
42;28;20
41;39;47
40;65;96
39;58;26
38;9;14
37;97;8
36;8;64
35;30;46
34;2;89
33;89;26
32;76;99
31;74;85
30;79;33
29;42;72
28;60;18
27;15;31
26;78;89
25;78;23
24;5;6
23;26;72
22;56;35
21;79;35
20;53;4
19;84;77
18;77;91
17;3;9
16;77;20
15;98;39
14;44;15
13;42;62
12;84;23
11;71;18
10;8;93
9;22;94
8;15;84
7;5;65
6;24;27
5;41;96
4;40;70
3;86;98
2;42;35
1;92;78
