100;37;15
99;83;87
98;45;15
97;22;92
96;66;44
95;57;75
94;7;78
93;1;68
92;92;15
91;92;85
90;76;53
89;65;25
88;12;23
87;38;94
86;97;20
85;34;45
84;30;72
83;47;41
82;70;6
81;85;80
80;73;89
79;54;81
78;7;94
77;94;40
76;34;39
75;43;59
74;74;72
73;68;97
72;80;66
71;13;6
70;35;28
69;61;44
68;72;68
67;33;4
66;42;5
65;65;28
64;20;97
63;26;43
62;51;42
61;32;100
60;96;77
59;10;69
58;68;92
57;20;11
56;75;91
55;60;37
54;69;39
53;84;40
52;7;19
51;51;32
50;22;8
49;45;5
48;94;93
47;22;29
46;89;79
45;68;84
44;55;42
43;2;68
42;79;86
41;92;37
40;20;98
39;15;60
38;60;75
37;28;22
36;61;39
35;48;61
34;59;11
33;37;61
32;46;43
31;51;84
30;69;16
29;58;80
28;33;24
27;43;83
26;66;37
25;15;77
24;52;72
23;48;88
22;0;63
21;30;64
20;3;3
19;20;82
18;62;51
17;24;13
16;95;96
15;86;13
14;93;63
13;75;29
12;48;61
11;76;77
10;53;53
9;45;38
8;32;2
7;96;38
6;83;36
5;23;4
4;58;16
3;54;12
2;33;38
1;88;22
100;51;15
99;87;91
98;21;0
97;94;24
96;10;20
95;86;50
94;52;21
93;19;2
92;92;14
91;34;66
90;63;76
89;52;43
88;21;69
87;12;50
86;0;35
85;9;74
84;55;45
83;61;6
82;31;35
81;37;54
80;39;29
79;91;78
78;87;63
77;60;19
76;63;33
75;67;21
74;19;41
73;62;5
72;77;47
71;35;44
70;49;95
69;34;52
68;48;37
67;94;65
66;19;30
65;13;63
64;70;33
63;38;18
62;66;47
61;37;3
60;29;95
59;78;51
58;87;35
57;96;47
56;90;99
55;5;41
54;60;61
53;5;1
52;34;27
51;66;68
50;66;88
49;6;97
48;22;78
47;66;27
46;92;10
45;25;45
44;54;0
43;82;60
42;45;60
41;76;93
40;93;23
39;27;28
38;34;94
37;34;80
36;22;65
35;85;52
34;54;9
33;11;26
32;9;93
31;1;0
30;43;73
29;53;29
28;5;72
27;19;46
26;91;35
25;69;25
24;46;32
23;46;85
22;27;32
21;14;12
20;29;90
19;87;30
18;85;20
17;69;22
16;60;36
15;12;55
14;66;20
13;98;12
12;3;86
11;15;30
10;26;68
9;65;8
8;30;17
7;51;82
6;28;71
5;36;4
4;69;13
3;97;90
2;58;79
1;72;2
100;52;10
99;97;75
98;57;18
97;80;54
96;25;42
95;73;52
94;76;83
93;13;37
92;35;18
91;30;19
90;66;98
89;89;16
88;58;43
87;70;48
86;53;47
85;77;98
84;20;28
83;50;86
82;48;13
81;21;35
80;72;25
79;79;0
78;26;68
77;83;11
76;65;3
75;78;12
74;24;46
73;3;24
72;57;28
71;14;7
70;46;69
69;14;43
68;8;1
67;20;40
66;88;98
65;86;42
64;15;32
63;41;59
62;67;20
61;87;49
60;3;94
59;49;88
58;59;87
57;90;72
56;45;91
55;44;71
54;84;91
53;77;52
52;33;28
51;73;39
50;6;69
49;81;72
48;67;10
47;31;85
46;52;62
45;59;51
44;8;54
43;34;40
42;60;81
41;68;41
40;51;70
39;0;24
38;87;93
37;31;11
36;23;83
35;17;76
34;54;82
33;1;15
32;46;0
31;31;50
30;2;48
29;85;55
28;58;15
27;59;75
26;89;41
25;18;10
24;44;38
23;26;7
22;22;12
21;88;55
20;41;22
19;74;100
18;64;81
17;89;1
16;50;70
15;12;14
14;29;25
13;57;37
12;55;88
11;23;7
10;40;50
9;22;37
8;45;70
7;71;8
6;73;68
5;82;73
4;63;1
3;4;3
2;68;16
1;2;87
100;21;17
99;82;70
98;92;0
97;61;1
96;6;93
95;98;83
94;96;67
93;44;93
92;96;94
91;22;4
90;96;13
89;95;13
88;42;39
87;35;82
86;29;83
85;13;81
84;2;46
83;65;94
82;12;65
81;82;80
80;50;55
79;4;24
78;35;34
77;0;58
76;35;82
75;55;92
74;13;27
73;31;67
72;47;34
71;24;48
70;3;15
69;0;98
68;6;92
67;76;5
66;82;87
65;4;96
64;59;42
63;21;21
62;59;86
61;35;59
60;37;57
59;56;61
58;25;56
57;28;57
56;9;84
55;55;47
54;11;75
53;60;22
52;28;96
51;57;65
50;70;100
49;5;51
48;81;96
47;4;5
46;77;82
45;74;51
44;15;61
43;94;68
42;66;75
41;62;18
40;0;28
39;75;31
38;46;4
37;82;18
36;23;51
35;96;77
34;21;0
33;64;88
32;13;35
31;94;24
30;27;3
29;34;14
28;83;80
27;58;67
26;52;77
25;13;92
24;17;15
23;28;32
22;72;26
21;34;87
20;2;10
19;9;89
18;15;51
17;50;66
16;30;99
15;85;73
14;58;32
13;31;98
12;37;87
11;20;33
10;16;64
9;30;18
8;48;64
7;30;55
6;97;56
5;45;8
4;29;26
3;45;22
2;83;8
1;37;78
100;5;29
99;85;3
98;98;81
97;61;16
96;78;44
95;40;85
94;36;91
93;15;24
92;93;80
91;19;90
90;27;20
89;17;9
88;16;68
87;17;73
86;98;99
85;83;34
84;24;23
83;60;51
82;91;51
81;58;58
80;84;80
79;60;40
78;42;78
77;21;51
76;77;59
75;1;44
74;1;83
73;30;61
72;65;68
71;36;94
70;22;5
69;19;11
68;88;85
67;41;96
66;31;62
65;45;91
64;64;61
63;14;46
62;24;33
61;97;34
60;76;23
59;72;29
58;64;43
57;65;42
56;90;97
55;95;8
54;29;79
53;81;44
52;46;76
51;79;11
50;89;24
49;27;35
48;2;61
47;80;53
46;29;19
45;40;33
44;51;33
43;97;91
42;86;2
41;42;61
40;85;20
39;19;6
38;26;34
37;47;67
36;47;34
35;7;5
34;90;47
33;23;64
32;76;1
31;93;52
30;52;35
29;95;0
28;13;80
27;93;69
26;34;4
25;64;48
24;74;35
23;71;67
22;7;66
21;70;51
20;60;65
19;68;24
18;43;99
17;6;25
16;39;37
15;5;16
14;36;94
13;45;15
12;64;86
11;76;23
10;33;80
9;41;34
8;96;67
7;53;17
6;7;45
5;94;78
4;97;32
3;49;3
2;41;33
1;52;22
100;28;35
99;62;11
98;29;73
97;55;11
96;67;3
95;50;82
94;71;81
93;57;64
92;78;95
91;42;8
90;86;27
89;18;62
88;41;58
87;96;60
86;79;10
85;60;71
84;81;49
83;22;35
82;74;57
81;53;70
80;40;0
79;48;6
78;66;76
77;3;7
76;41;19
75;9;39
74;3;0
73;13;21
72;24;11
71;8;41
70;84;49
69;61;14
68;77;72
67;4;54
66;19;58
65;85;49
64;95;45
63;2;82
62;2;70
61;33;27
60;45;74
59;96;92
58;61;11
57;98;62
56;40;20
55;42;69
54;90;51
53;71;45
52;59;43
51;5;37
50;26;70
49;20;57
48;65;55
47;37;22
46;98;68
45;62;70
44;14;70
43;44;81
42;2;61
41;92;84
40;8;84
39;28;22
38;44;85
37;93;5
36;69;11
35;28;7
34;16;52
33;88;13
32;51;23
31;44;59
30;25;83
29;35;7
28;41;70
27;95;27
26;76;81
25;27;11
24;9;69
23;34;40
22;70;75
21;79;27
20;11;74
19;97;63
18;42;38
17;84;2
16;77;83
15;20;21
14;68;57
13;14;55
12;67;35
11;56;4
10;40;4
9;38;94
8;37;84
7;46;62
6;44;59
5;46;30
4;22;38
3;31;26
2;35;30
1;50;20
100;8;48
99;68;8
98;80;16
97;80;56
96;27;35
95;84;51
94;37;74
93;26;63
92;5;67
91;46;78
90;56;52
89;38;24
88;49;66
87;96;95
86;62;88
85;30;53
84;36;38
83;28;5
82;9;51
81;10;62
80;31;4
79;16;87
78;42;74
77;36;60
76;91;8
75;63;37
74;75;5
73;21;39
72;53;51
71;39;33
70;2;55
69;61;66
68;95;52
67;29;33
66;5;96
65;33;43
64;52;4
63;19;20
62;24;66
61;41;69
60;93;32
59;67;93
58;6;37
57;62;25
56;93;46
55;19;32
54;97;87
53;12;76
52;6;38
51;74;85
50;90;62
49;41;22
48;60;80
47;38;71
46;43;33
45;40;57
44;23;88
43;1;71
42;1;100
41;22;9
40;21;56
39;39;63
38;82;36
37;33;66
36;23;87
35;57;23
34;17;62
33;21;63
32;62;72
31;44;61
30;43;46
29;24;27
28;91;86
27;90;47
26;16;77
25;92;34
24;91;43
23;24;20
22;28;24
21;22;7
20;59;23
19;28;62
18;35;89
17;42;98
16;66;88
15;33;99
14;38;80
13;8;78
12;13;87
11;1;4
10;20;77
9;74;75
8;64;67
7;3;0
6;83;31
5;2;44
4;69;15
3;86;65
2;3;63
1;54;21
100;79;56
99;23;91
98;10;66
97;55;77
96;59;94
95;54;14
94;65;91
93;11;92
92;94;67
91;87;34
90;63;86
89;49;87
88;85;83
87;8;7
86;0;53
85;62;90
84;79;95
83;5;87
82;96;96
81;5;55
80;70;6
79;45;68
78;20;62
77;85;77
76;11;1
75;94;78
74;40;52
73;12;48
72;98;52
71;39;91
70;13;43
69;82;90
68;29;45
67;83;55
66;90;15
65;27;97
64;82;16
63;93;24
62;93;51
61;68;4
60;2;83
59;97;17
58;80;73
57;21;91
56;59;18
55;42;58
54;63;68
53;38;49
52;56;49
51;36;80
50;32;45
49;86;28
48;34;30
47;10;85
46;38;44
45;11;20
44;91;78
43;71;28
42;74;25
41;60;8
40;55;86
39;98;37
38;33;40
37;32;46
36;3;46
35;90;73
34;6;11
33;27;27
32;69;48
31;8;84
30;0;48
29;79;49
28;3;7
27;57;85
26;90;32
25;28;23
24;57;99
23;39;59
22;92;1
21;17;38
20;4;68
19;35;79
18;8;69
17;65;48
16;42;87
15;13;51
14;75;37
13;14;54
12;42;33
11;64;4
10;56;25
9;84;58
8;96;46
7;40;62
6;22;55
5;85;11
4;8;62
3;62;7
2;17;24
1;35;83
100;80;79
99;64;24
98;62;42
97;61;84
96;60;22
95;79;63
94;87;45
93;98;85
92;36;7
91;10;51
90;40;57
89;67;87
88;72;53
87;17;86
86;11;52
85;71;59
84;72;83
83;38;55
82;77;20
81;68;97
80;11;42
79;98;92
78;91;89
77;55;57
76;68;26
75;38;10
74;45;27
73;25;1
72;20;93
71;55;35
70;53;65
69;2;64
68;66;80
67;70;67
66;21;49
65;9;28
64;82;67
63;58;12
62;76;13
61;98;25
60;45;22
59;43;21
58;85;5
57;76;100
56;88;38
55;61;93
54;13;3
53;54;24
52;39;57
51;6;49
50;9;44
49;15;26
48;84;3
47;69;46
46;50;22
45;45;59
44;60;55
43;2;61
42;9;5
41;34;87
40;28;42
39;89;79
38;47;56
37;90;20
36;0;16
35;45;59
34;89;67
33;92;33
32;74;75
31;45;62
30;31;5
29;69;15
28;79;32
27;88;92
26;85;3
25;35;23
24;92;76
23;25;5
22;58;54
21;76;88
20;89;10
19;2;62
18;78;0
17;6;4
16;28;76
15;58;3
14;94;94
13;80;59
12;98;66
11;11;9
10;3;46
9;42;3
8;9;16
7;29;10
6;90;94
5;56;29
4;91;17
3;74;19
2;41;5
1;50;8
100;1;65
99;60;96
98;3;13
97;87;34
96;60;41
95;66;83
94;31;31
93;77;67
92;48;10
91;62;84
90;88;21
89;92;64
88;20;5
87;98;65
86;2;16
85;95;38
84;28;47
83;83;86
82;75;93
81;97;65
80;41;11
79;45;53
78;55;9
77;39;38
76;46;64
75;8;41
74;50;78
73;63;63
72;95;92
71;65;24
70;35;99
69;91;81
68;12;33
67;84;20
66;2;71
65;1;82
64;83;54
63;41;72
62;36;73
61;89;6
60;98;41
59;8;78
58;86;1
57;49;76
56;7;11
55;4;58
54;55;52
53;11;86
52;66;47
51;48;76
50;73;58
49;85;49
48;3;38
47;97;29
46;74;2
45;48;42
44;13;82
43;40;17
42;46;50
41;49;20
40;59;25
39;49;46
38;56;37
37;9;5
36;93;62
35;35;36
34;83;47
33;97;62
32;75;93
31;25;72
30;20;45
29;21;95
28;46;34
27;89;45
26;43;49
25;7;10
24;30;22
23;25;100
22;41;52
21;82;83
20;72;89
19;75;30
18;98;61
17;25;69
16;50;31
15;43;98
14;8;0
13;39;7
12;34;51
11;25;80
10;93;47
9;40;34
8;87;5
7;2;77
6;58;2
5;39;29
4;38;60
3;0;99
2;32;39
1;61;64
100;5;63
99;82;96
98;59;75
97;44;90
96;62;6
95;31;32
94;47;41
93;66;61
92;18;43
91;28;43
90;10;42
89;64;73
88;23;82
87;20;22
86;80;78
85;86;53
84;75;90
83;65;2
82;69;44
81;77;37
80;4;70
79;20;38
78;45;98
77;22;66
76;30;89
75;64;96
74;86;54
73;1;73
72;42;87
71;46;52
70;21;14
69;72;96
68;65;57
67;75;31
66;68;59
65;52;59
64;17;56
63;74;3
62;92;37
61;2;42
60;9;86
59;44;85
58;78;17
57;79;67
56;36;41
55;3;45
54;17;40
53;41;99
52;66;46
51;73;79
50;55;5
49;31;39
48;58;47
47;45;95
46;58;88
45;8;68
44;56;44
43;75;13
42;69;10
41;80;99
40;87;87
39;25;55
38;96;40
37;38;23
36;98;67
35;1;23
34;1;68
33;2;13
32;64;6
31;94;24
30;55;57
29;16;18
28;85;96
27;76;37
26;71;95
25;56;65
24;28;75
23;95;81
22;69;59
21;94;22
20;59;53
19;3;44
18;42;98
17;40;35
16;53;60
15;45;96
14;45;67
13;59;22
12;42;16
11;57;7
10;1;44
9;63;0
8;34;26
7;62;45
6;92;58
5;39;70
4;18;50
3;82;26
2;20;52
1;94;61
100;90;26
99;6;66
98;0;28
97;27;58
96;84;46
95;71;98
94;72;54
93;30;10
92;25;59
91;61;73
90;81;36
89;52;39
88;64;81
87;28;26
86;87;34
85;31;81
84;66;26
83;67;23
82;22;46
81;64;18
80;16;48
79;5;98
78;33;11
77;94;59
76;76;5
75;39;76
74;23;17
73;5;11
72;88;76
71;31;80
70;83;49
69;73;26
68;22;32
67;27;50
66;43;59
65;54;61
64;91;76
63;69;18
62;79;3
61;95;58
60;69;32
59;32;37
58;36;64
57;41;79
56;43;9
55;86;54
54;24;68
53;57;100
52;7;60
51;44;29
50;59;65
49;30;60
48;64;46
47;49;91
46;24;23
45;9;23
44;63;39
43;41;83
42;1;42
41;50;0
40;70;43
39;45;9
38;38;99
37;11;18
36;19;90
35;96;53
34;25;98
33;47;43
32;76;83
31;96;23
30;90;51
29;32;4
28;70;92
27;2;54
26;34;1
25;30;73
24;5;55
23;66;71
22;63;55
21;0;90
20;8;8
19;59;85
18;95;84
17;83;31
16;18;63
15;7;95
14;46;99
13;78;92
12;71;51
11;48;5
10;39;46
9;57;95
8;35;80
7;20;21
6;88;17
5;54;12
4;24;4
3;73;35
2;73;49
1;74;35
100;58;35
99;64;22
98;48;13
97;73;8
96;51;58
95;18;95
94;88;51
93;47;87
92;54;69
91;3;30
90;10;8
89;65;27
88;50;60
87;9;41
86;55;84
85;20;38
84;26;35
83;48;70
82;2;50
81;34;61
80;56;36
79;76;8
78;4;71
77;37;85
76;56;72
75;96;30
74;41;53
73;62;12
72;77;90
71;20;95
70;98;82
69;58;90
68;81;19
67;61;99
66;66;98
65;25;73
64;88;41
63;27;86
62;6;20
61;7;67
60;0;42
59;91;40
58;16;90
57;10;33
56;68;60
55;44;76
54;29;40
53;40;48
52;68;74
51;74;43
50;87;83
49;46;6
48;85;40
47;11;68
46;97;37
45;20;12
44;54;12
43;28;41
42;32;49
41;72;9
40;71;57
39;70;39
38;89;12
37;94;90
36;45;75
35;3;64
34;79;26
33;1;10
32;40;43
31;28;63
30;49;72
29;57;64
28;88;6
27;42;81
26;72;80
25;23;19
24;20;56
23;89;95
22;28;8
21;31;3
20;54;45
19;20;57
18;51;79
17;20;18
16;49;0
15;57;3
14;64;79
13;16;47
12;98;5
11;82;28
10;35;9
9;77;95
8;96;64
7;44;31
6;63;23
5;87;37
4;68;45
3;77;3
2;69;71
1;83;89
100;93;70
99;74;91
98;50;48
97;6;88
96;5;26
95;50;10
94;9;74
93;18;3
92;79;71
91;48;78
90;57;63
89;53;69
88;85;57
87;29;9
86;56;76
85;81;43
84;42;54
83;47;44
82;4;87
81;31;39
80;42;52
79;42;86
78;94;95
77;28;56
76;46;17
75;30;21
74;57;84
73;26;3
72;5;95
71;73;73
70;1;30
69;49;1
68;7;9
67;5;85
66;86;4
65;23;23
64;5;66
63;49;92
62;21;9
61;55;25
60;49;31
59;18;73
58;20;71
57;86;26
56;98;51
55;3;47
54;3;30
53;53;7
52;21;12
51;18;35
50;1;49
49;58;18
48;33;25
47;62;22
46;83;5
45;75;35
44;5;20
43;90;33
42;64;30
41;9;40
40;71;78
39;57;27
38;1;86
37;22;50
36;38;17
35;8;70
34;56;34
33;1;90
32;60;95
31;19;59
30;96;81
29;8;89
28;50;3
27;11;7
26;92;88
25;15;39
24;45;19
23;57;77
22;59;41
21;80;12
20;36;51
19;73;23
18;81;35
17;77;81
16;38;76
15;23;62
14;48;49
13;84;98
12;40;83
11;90;40
10;84;59
9;80;89
8;58;20
7;49;53
6;30;28
5;98;33
4;36;90
3;59;35
2;16;71
1;14;3
100;4;45
99;83;21
98;26;0
97;50;72
96;16;53
95;16;82
94;37;17
93;75;36
92;5;82
91;72;64
90;26;20
89;91;11
88;86;16
87;36;76
86;71;37
85;6;12
84;35;3
83;28;90
82;9;95
81;33;45
80;92;90
79;46;4
78;97;3
77;96;90
76;29;23
75;6;70
74;17;99
73;31;47
72;95;68
71;88;5
70;50;83
69;30;80
68;63;31
67;83;6
66;56;30
65;60;11
64;71;32
63;26;3
62;88;85
61;62;77
60;5;64
59;93;44
58;45;43
57;90;85
56;51;5
55;1;31
54;4;96
53;9;33
52;42;63
51;61;62
50;94;20
49;23;0
48;96;87
47;86;52
46;55;59
45;12;20
44;9;17
43;65;96
42;82;17
41;70;26
40;47;46
39;81;97
38;70;38
37;3;81
36;31;49
35;74;18
34;69;79
33;71;66
32;7;5
31;80;46
30;7;91
29;14;91
28;11;24
27;51;30
26;44;98
25;10;26
24;92;18
23;70;70
22;33;85
21;81;15
20;38;2
19;6;15
18;50;39
17;58;79
16;88;63
15;42;31
14;7;8
13;66;54
12;13;46
11;54;36
10;93;40
9;48;57
8;71;52
7;17;21
6;0;33
5;50;17
4;72;0
3;72;77
2;50;99
1;9;53
100;82;76
99;23;6
98;17;53
97;14;0
96;73;21
95;96;71
94;92;33
93;63;14
92;87;51
91;97;3
90;40;85
89;77;86
88;47;27
87;75;66
86;15;50
85;80;99
84;77;39
83;72;55
82;10;35
81;92;30
80;96;42
79;6;13
78;1;99
77;31;94
76;13;43
75;6;19
74;69;94
73;64;49
72;81;41
71;86;85
70;82;4
69;37;45
68;42;29
67;93;71
66;45;3
65;55;18
64;77;63
63;10;47
62;97;82
61;83;39
60;75;4
59;25;67
58;1;20
57;98;21
56;61;44
55;47;57
54;81;5
53;39;8
52;39;39
51;2;48
50;70;93
49;81;82
48;77;87
47;63;45
46;59;95
45;14;96
44;50;94
43;73;84
42;92;15
41;51;72
40;27;1
39;63;24
38;48;93
37;18;11
36;54;32
35;79;77
34;67;2
33;11;31
32;43;62
31;61;68
30;13;80
29;10;83
28;87;43
27;29;100
26;20;75
25;9;83
24;18;13
23;13;38
22;84;22
21;47;37
20;12;31
19;77;68
18;0;68
17;7;60
16;91;51
15;50;29
14;77;93
13;41;3
12;12;1
11;1;29
10;41;15
9;89;78
8;71;82
7;17;94
6;8;46
5;21;27
4;35;55
3;21;52
2;54;15
1;18;67
100;9;47
99;41;56
98;39;4
97;38;59
96;59;73
95;37;73
94;52;65
93;49;34
92;95;63
91;9;1
90;96;12
89;49;90
88;79;41
87;59;10
86;90;48
85;13;70
84;10;76
83;18;95
82;51;27
81;31;35
80;80;96
79;94;5
78;11;64
77;35;35
76;13;78
75;97;13
74;82;0
73;46;14
72;77;8
71;12;55
70;73;79
69;52;89
68;3;18
67;68;60
66;43;47
65;20;17
64;82;57
63;64;15
62;52;96
61;40;30
60;35;71
59;63;75
58;9;13
57;80;37
56;84;58
55;96;81
54;70;78
53;4;77
52;32;83
51;71;98
50;72;76
49;39;78
48;80;79
47;94;99
46;49;15
45;82;43
44;86;60
43;36;19
42;45;79
41;33;33
40;68;5
39;7;92
38;68;94
37;12;42
36;67;43
35;97;36
34;64;44
33;31;30
32;96;7
31;95;20
30;12;87
29;51;97
28;37;50
27;23;45
26;38;35
25;72;9
24;55;19
23;50;75
22;39;54
21;57;68
20;34;71
19;79;22
18;93;31
17;71;94
16;6;46
15;13;86
14;36;14
13;94;93
12;50;43
11;88;74
10;45;81
9;48;20
8;14;13
7;10;6
6;44;89
5;69;27
4;79;2
3;34;5
2;37;38
1;62;82
100;7;21
99;38;27
98;76;12
97;85;44
96;42;10
95;14;56
94;56;84
93;40;72
92;78;53
91;93;10
90;20;35
89;76;15
88;84;82
87;8;65
86;36;95
85;40;41
84;64;97
83;62;65
82;23;8
81;28;53
80;14;26
79;91;16
78;11;17
77;35;50
76;43;35
75;7;63
74;69;75
73;17;58
72;20;49
71;58;8
70;33;8
69;49;41
68;62;84
67;80;54
66;94;96
65;42;59
64;52;79
63;53;39
62;13;2
61;19;28
60;89;57
59;9;30
58;35;23
57;54;19
56;0;94
55;56;98
54;75;18
53;89;39
52;82;45
51;24;22
50;81;11
49;69;76
48;16;23
47;22;93
46;48;91
45;69;76
44;27;33
43;80;55
42;78;24
41;62;93
40;36;91
39;47;66
38;18;7
37;78;46
36;97;29
35;46;84
34;1;13
33;63;22
32;20;14
31;76;6
30;86;35
29;78;96
28;86;22
27;32;90
26;34;75
25;4;75
24;78;20
23;5;56
22;27;52
21;36;73
20;55;47
19;39;58
18;11;9
17;28;72
16;70;70
15;75;16
14;22;53
13;50;55
12;91;58
11;87;68
10;75;93
9;53;66
8;69;47
7;20;9
6;74;20
5;94;82
4;29;9
3;24;0
2;15;82
1;22;67
100;97;42
99;85;77
98;29;55
97;61;63
96;81;39
95;26;30
94;95;32
93;94;52
92;6;79
91;42;74
90;93;61
89;25;65
88;22;84
87;7;64
86;32;84
85;85;99
84;64;3
83;94;38
82;87;83
81;90;60
80;30;25
79;81;47
78;92;22
77;17;30
76;16;99
75;85;31
74;53;0
73;66;54
72;82;51
71;13;13
70;86;15
69;49;81
68;54;68
67;22;94
66;80;81
65;36;22
64;98;40
63;74;33
62;51;3
61;8;9
60;29;98
59;84;1
58;59;53
57;48;28
56;61;74
55;10;40
54;46;65
53;38;88
52;33;80
51;14;51
50;26;10
49;88;8
48;15;18
47;70;49
46;15;35
45;11;35
44;82;32
43;11;40
42;51;57
41;89;1
40;88;17
39;94;38
38;84;100
37;31;16
36;15;46
35;20;76
34;22;42
33;41;89
32;62;89
31;33;61
30;45;46
29;72;22
28;2;90
27;36;52
26;45;100
25;51;99
24;9;4
23;89;84
22;13;26
21;0;54
20;86;83
19;58;17
18;23;29
17;76;71
16;60;50
15;8;44
14;30;2
13;92;98
12;8;23
11;81;72
10;55;64
9;91;4
8;44;11
7;67;55
6;68;11
5;9;44
4;28;63
3;39;63
2;59;87
1;51;13
100;19;8
99;80;36
98;64;34
97;66;59
96;83;64
95;53;83
94;36;35
93;68;26
92;89;61
91;64;36
90;21;24
89;97;75
88;26;86
87;25;91
86;98;93
85;9;48
84;87;50
83;21;12
82;79;35
81;1;3
80;86;46
79;11;56
78;8;77
77;6;96
76;13;44
75;90;99
74;14;12
73;10;77
72;21;43
71;87;22
70;4;63
69;78;13
68;28;5
67;81;12
66;63;98
65;90;74
64;77;59
63;36;34
62;64;52
61;39;35
60;38;33
59;95;97
58;26;9
57;6;47
56;27;67
55;60;15
54;50;51
53;12;61
52;7;6
51;82;27
50;74;67
49;87;60
48;88;37
47;71;74
46;65;43
45;46;13
44;21;18
43;0;88
42;82;52
41;58;10
40;14;91
39;51;79
38;17;20
37;78;39
36;55;64
35;97;47
34;72;70
33;8;69
32;71;21
31;60;68
30;95;43
29;41;78
28;34;52
27;91;22
26;34;15
25;45;33
24;93;6
23;61;27
22;96;46
21;22;53
20;52;87
19;92;29
18;11;44
17;6;56
16;21;8
15;64;15
14;4;68
13;45;13
12;47;94
11;84;69
10;5;47
9;69;89
8;70;35
7;78;68
6;57;83
5;29;19
4;73;45
3;74;40
2;24;37
1;75;4
100;45;2
99;42;74
98;28;49
97;14;62
96;50;27
95;16;48
94;50;58
93;46;6
92;30;42
91;2;43
90;90;74
89;67;98
88;94;26
87;75;45
86;2;97
85;56;58
84;74;55
83;45;79
82;98;27
81;3;85
80;48;75
79;4;32
78;60;5
77;75;42
76;78;25
75;98;4
74;78;88
73;31;39
72;62;78
71;51;85
70;9;25
69;42;25
68;66;44
67;51;90
66;39;43
65;13;82
64;65;93
63;27;23
62;63;1
61;56;87
60;35;53
59;38;56
58;41;9
57;25;48
56;92;84
55;28;57
54;6;100
53;84;3
52;89;34
51;56;65
50;14;60
49;24;98
48;13;83
47;36;52
46;35;21
45;84;10
44;57;71
43;31;17
42;54;38
41;75;18
40;72;32
39;90;50
38;25;39
37;89;84
36;45;9
35;28;48
34;21;57
33;48;22
32;68;41
31;48;94
30;12;79
29;23;51
28;25;34
27;86;79
26;16;29
25;36;68
24;36;38
23;7;2
22;28;65
21;84;79
20;80;92
19;69;54
18;78;94
17;18;73
16;2;90
15;79;61
14;97;38
13;71;99
12;32;90
11;22;7
10;30;35
9;69;48
8;64;36
7;87;6
6;20;92
5;53;38
4;17;42
3;79;61
2;81;8
1;3;63
100;69;89
99;10;87
98;4;81
97;45;44
96;2;91
95;81;2
94;34;45
93;54;33
92;25;56
91;35;77
90;52;100
89;95;76
88;86;51
87;88;28
86;76;27
85;34;28
84;74;25
83;38;80
82;47;42
81;41;18
80;11;81
79;95;27
78;85;74
77;0;74
76;65;6
75;86;86
74;22;21
73;68;99
72;13;34
71;98;74
70;8;52
69;50;51
68;11;29
67;83;92
66;47;64
65;42;87
64;64;100
63;20;5
62;28;86
61;71;24
60;37;56
59;30;12
58;59;61
57;9;54
56;36;34
55;16;96
54;57;92
53;54;28
52;71;31
51;23;28
50;52;64
49;56;100
48;85;10
47;48;75
46;82;45
45;71;54
44;70;65
43;15;73
42;19;81
41;35;27
40;1;94
39;74;65
38;20;29
37;17;27
36;47;54
35;44;80
34;41;83
33;49;43
32;52;25
31;65;65
30;64;31
29;56;57
28;90;34
27;52;51
26;73;44
25;41;20
24;24;90
23;45;49
22;37;90
21;78;32
20;89;47
19;29;45
18;12;51
17;80;32
16;56;82
15;52;4
14;74;80
13;80;60
12;24;93
11;36;31
10;75;69
9;46;98
8;44;39
7;10;24
6;79;62
5;41;83
4;17;32
3;47;99
2;49;56
1;94;75
100;43;72
99;74;29
98;28;96
97;34;83
96;8;30
95;66;10
94;30;50
93;52;53
92;30;92
91;68;90
90;4;56
89;98;34
88;47;57
87;70;43
86;23;23
85;58;39
84;19;65
83;76;100
82;16;96
81;8;52
80;34;59
79;36;32
78;45;56
77;1;37
76;85;33
75;37;73
74;16;60
73;2;93
72;91;19
71;61;65
70;98;39
69;16;74
68;82;87
67;78;14
66;81;94
65;97;56
64;28;4
63;66;28
62;4;15
61;37;31
60;8;33
59;41;34
58;5;90
57;61;20
56;63;77
55;17;66
54;16;85
53;79;31
52;65;23
51;61;34
50;28;9
49;96;70
48;10;70
47;19;66
46;49;3
45;64;64
44;29;14
43;63;84
42;87;50
41;82;95
40;16;86
39;30;36
38;21;50
37;43;34
36;36;81
35;39;73
34;34;68
33;46;44
32;19;83
31;86;17
30;96;33
29;30;0
28;78;97
27;11;74
26;62;16
25;1;48
24;26;37
23;37;11
22;24;9
21;79;92
20;64;66
19;13;76
18;15;30
17;5;47
16;31;63
15;26;34
14;22;70
13;24;85
12;2;97
11;11;6
10;90;36
9;25;77
8;65;6
7;15;34
6;46;64
5;1;25
4;19;26
3;66;38
2;88;67
1;59;95
100;78;59
99;96;14
98;29;27
97;0;17
96;18;82
95;54;20
94;95;55
93;86;79
92;65;96
91;94;34
90;17;87
89;43;19
88;39;62
87;83;21
86;7;8
85;10;75
84;90;67
83;64;8
82;16;58
81;42;17
80;15;31
79;70;36
78;73;22
77;17;63
76;33;43
75;68;63
74;41;21
73;33;51
72;15;37
71;8;53
70;85;54
69;36;92
68;62;65
67;0;41
66;57;72
65;8;66
64;6;35
63;14;10
62;82;77
61;75;73
60;95;4
59;84;28
58;40;53
57;59;65
56;59;17
55;73;25
54;14;45
53;82;72
52;34;71
51;41;51
50;90;8
49;24;97
48;67;5
47;83;32
46;5;31
45;8;98
44;59;67
43;37;79
42;35;12
41;39;0
40;17;2
39;40;54
38;31;40
37;20;51
36;16;58
35;9;36
34;63;30
33;88;75
32;95;58
31;15;96
30;55;12
29;98;17
28;48;6
27;39;10
26;37;45
25;1;87
24;83;44
23;27;31
22;44;2
21;43;75
20;71;3
19;27;42
18;83;26
17;60;83
16;62;5
15;89;44
14;1;29
13;73;75
12;68;6
11;53;71
10;1;22
9;97;39
8;5;51
7;35;50
6;67;95
5;47;4
4;24;54
3;5;77
2;21;97
1;75;62
100;53;7
99;66;35
98;62;0
97;31;79
96;70;63
95;53;97
94;74;34
93;78;51
92;59;83
91;65;11
90;60;6
89;81;93
88;33;12
87;94;66
86;91;25
85;41;77
84;22;74
83;47;35
82;69;90
81;89;55
80;15;65
79;44;66
78;96;43
77;92;71
76;34;97
75;89;51
74;8;62
73;95;58
72;79;85
71;80;84
70;55;55
69;64;68
68;43;91
67;9;77
66;59;49
65;41;21
64;78;8
63;52;52
62;62;79
61;21;31
60;51;81
59;29;5
58;93;1
57;24;19
56;85;20
55;34;55
54;55;8
53;39;81
52;57;63
51;96;14
50;29;54
49;63;69
48;29;98
47;60;29
46;58;39
45;28;75
44;3;68
43;89;27
42;3;6
41;3;91
40;1;28
39;62;39
38;9;74
37;98;85
36;82;52
35;35;40
34;3;29
33;78;31
32;84;88
31;8;88
30;94;100
29;10;69
28;14;42
27;25;21
26;53;90
25;66;31
24;13;69
23;6;89
22;10;58
21;54;75
20;56;83
19;52;92
18;25;6
17;49;60
16;53;50
15;11;15
14;48;35
13;69;44
12;64;7
11;62;53
10;15;52
9;14;24
8;40;4
7;91;56
6;93;73
5;69;95
4;5;54
3;86;33
2;94;75
1;6;78
100;40;49
99;77;79
98;18;19
97;81;74
96;5;79
95;53;60
94;21;83
93;6;80
92;75;78
91;55;63
90;3;83
89;91;65
88;82;3
87;23;1
86;89;60
85;70;1
84;88;2
83;7;92
82;37;34
81;5;69
80;89;71
79;73;73
78;39;89
77;62;57
76;33;18
75;75;39
74;77;15
73;11;9
72;75;71
71;32;83
70;67;67
69;89;48
68;69;100
67;40;2
66;95;72
65;42;98
64;92;29
63;37;52
62;71;5
61;93;26
60;82;40
59;10;89
58;33;16
57;7;16
56;48;84
55;82;56
54;10;15
53;10;5
52;52;88
51;79;26
50;58;76
49;72;90
48;20;37
47;40;16
46;35;25
45;34;61
44;37;91
43;9;86
42;64;8
41;61;29
40;51;20
39;41;84
38;97;39
37;47;64
36;21;59
35;1;91
34;67;86
33;21;4
32;26;61
31;52;16
30;58;79
29;95;40
28;55;29
27;34;23
26;84;72
25;51;0
24;90;39
23;28;10
22;52;24
21;70;46
20;50;24
19;34;36
18;98;57
17;24;57
16;38;73
15;91;3
14;80;58
13;96;59
12;1;51
11;60;5
10;31;96
9;76;49
8;67;83
7;41;21
6;30;48
5;1;5
4;18;82
3;4;0
2;93;14
1;59;29
100;36;54
99;9;3
98;28;76
97;3;24
96;52;1
95;52;25
94;2;32
93;73;73
92;80;24
91;57;75
90;30;89
89;17;64
88;94;37
87;18;91
86;34;66
85;71;8
84;37;54
83;55;90
82;75;24
81;42;49
80;18;17
79;26;93
78;38;29
77;19;95
76;58;54
75;39;0
74;41;76
73;47;57
72;98;1
71;90;29
70;17;3
69;72;82
68;76;58
67;26;96
66;37;34
65;34;86
64;60;87
63;92;95
62;10;2
61;14;74
60;5;67
59;56;81
58;55;11
57;43;77
56;72;43
55;37;27
54;50;76
53;56;86
52;70;2
51;82;44
50;84;39
49;53;41
48;12;23
47;78;21
46;72;37
45;42;37
44;60;84
43;89;60
42;69;38
41;35;63
40;68;12
39;65;46
38;27;83
37;27;10
36;95;22
35;60;85
34;18;20
33;17;67
32;82;59
31;31;29
30;15;52
29;86;9
28;82;45
27;82;96
26;36;88
25;74;39
24;42;45
23;72;56
22;85;86
21;61;67
20;21;62
19;33;70
18;13;78
17;4;9
16;3;19
15;18;73
14;43;84
13;81;15
12;78;60
11;83;12
10;20;47
9;67;50
8;77;94
7;20;78
6;40;69
5;98;56
4;77;44
3;38;41
2;37;60
1;26;5
100;37;68
99;93;81
98;96;96
97;78;94
96;4;15
95;97;63
94;38;11
93;27;27
92;82;56
91;18;32
90;69;77
89;20;100
88;55;54
87;4;83
86;78;64
85;31;96
84;25;76
83;11;2
82;86;9
81;63;36
80;96;58
79;20;18
78;54;63
77;80;30
76;92;94
75;57;61
74;21;46
73;56;39
72;1;10
71;75;23
70;11;40
69;17;28
68;1;16
67;69;10
66;88;89
65;0;65
64;16;72
63;44;86
62;55;43
61;73;35
60;96;87
59;42;79
58;94;63
57;44;50
56;20;67
55;17;16
54;1;74
53;53;32
52;52;61
51;26;89
50;79;67
49;50;95
48;43;82
47;53;51
46;50;39
45;48;37
44;67;71
43;87;89
42;44;62
41;89;31
40;76;16
39;31;21
38;19;41
37;72;57
36;58;98
35;54;41
34;69;92
33;72;56
32;81;31
31;76;97
30;94;28
29;75;22
28;81;26
27;91;89
26;92;97
25;72;79
24;6;82
23;30;47
22;87;74
21;1;9
20;23;12
19;24;84
18;34;20
17;97;2
16;44;25
15;53;70
14;94;1
13;14;57
12;68;59
11;42;59
10;8;90
9;62;46
8;53;25
7;97;71
6;38;56
5;10;73
4;21;23
3;50;24
2;93;32
1;43;63
100;36;70
99;92;80
98;92;58
97;27;76
96;48;88
95;27;26
94;89;55
93;13;93
92;54;38
91;55;16
90;7;11
89;44;98
88;37;95
87;30;55
86;10;24
85;20;46
84;15;59
83;70;76
82;50;100
81;51;22
80;21;61
79;34;75
78;87;31
77;9;95
76;58;44
75;12;0
74;31;8
73;28;50
72;53;8
71;96;82
70;78;48
69;37;78
68;38;55
67;61;53
66;13;30
65;17;71
64;92;19
63;13;74
62;39;43
61;25;40
60;70;71
59;52;65
58;17;54
57;88;28
56;48;44
55;66;40
54;87;60
53;93;76
52;97;31
51;60;15
50;61;28
49;27;98
48;62;54
47;51;93
46;29;78
45;88;55
44;11;4
43;81;0
42;2;49
41;35;41
40;41;49
39;79;86
38;8;49
37;83;29
36;59;55
35;84;62
34;32;40
33;78;24
32;23;9
31;79;69
30;27;64
29;91;54
28;35;34
27;28;62
26;49;33
25;73;76
24;25;66
23;63;100
22;18;84
21;45;22
20;48;44
19;29;72
18;3;56
17;41;61
16;35;17
15;70;98
14;72;88
13;64;60
12;66;31
11;95;12
10;14;45
9;58;23
8;23;34
7;58;16
6;81;59
5;2;2
4;82;19
3;30;97
2;62;15
1;15;59
100;77;69
99;97;1
98;95;31
97;93;26
96;23;43
95;11;77
94;91;43
93;30;10
92;20;60
91;6;18
90;4;51
89;44;83
88;7;29
87;55;3
86;49;52
85;59;99
84;62;90
83;35;46
82;96;96
81;60;31
80;2;97
79;26;3
78;24;37
77;96;1
76;73;72
75;55;6
74;92;71
73;59;2
72;7;56
71;56;19
70;32;64
69;21;13
68;71;82
67;4;33
66;24;83
65;79;0
64;19;40
63;29;78
62;2;81
61;85;27
60;69;30
59;65;97
58;60;53
57;84;9
56;24;49
55;80;23
54;62;39
53;5;40
52;41;69
51;76;7
50;1;65
49;13;45
48;85;85
47;21;32
46;95;50
45;98;96
44;53;54
43;77;31
42;49;0
41;5;15
40;92;69
39;49;66
38;98;71
37;93;32
36;65;65
35;63;45
34;89;66
33;3;33
32;72;18
31;97;31
30;76;12
29;22;67
28;2;48
27;18;52
26;87;61
25;85;42
24;56;12
23;36;41
22;11;7
21;62;58
20;23;83
19;88;7
18;57;56
17;76;47
16;42;23
15;88;78
14;68;62
13;67;19
12;31;66
11;48;24
10;7;2
9;76;45
8;89;17
7;20;75
6;27;49
5;72;72
4;18;52
3;89;70
2;80;45
1;10;8
