100;6;64
99;19;1
98;63;53
97;12;96
96;38;28
95;54;99
94;81;1
93;24;54
92;88;62
91;24;93
90;51;61
89;4;1
88;5;44
87;68;41
86;51;44
85;37;42
84;41;58
83;11;91
82;6;100
81;52;61
80;69;33
79;16;13
78;79;70
77;38;57
76;44;39
75;26;0
74;63;49
73;2;99
72;77;12
71;38;73
70;19;76
69;10;74
68;11;1
67;19;78
66;10;43
65;40;37
64;4;47
63;19;56
62;74;3
61;73;94
60;55;3
59;7;23
58;60;99
57;60;54
56;62;42
55;8;47
54;40;91
53;25;100
52;5;30
51;94;17
50;11;10
49;1;72
48;98;18
47;40;45
46;26;52
45;58;62
44;67;88
43;3;27
42;61;93
41;89;92
40;53;87
39;92;55
38;95;69
37;6;65
36;89;57
35;98;48
34;38;46
33;68;50
32;80;16
31;63;99
30;85;47
29;23;25
28;90;63
27;90;32
26;22;26
25;4;77
24;22;8
23;97;50
22;83;55
21;61;95
20;7;50
19;52;54
18;93;33
17;65;45
16;73;79
15;78;30
14;63;59
13;6;98
12;35;77
11;84;32
10;98;46
9;31;84
8;70;49
7;18;94
6;71;87
5;47;88
4;35;90
3;36;78
2;67;76
1;59;24
100;63;99
99;86;97
98;69;30
97;11;72
96;63;75
95;70;0
94;67;11
93;60;98
92;86;59
91;21;97
90;36;29
89;96;61
88;13;68
87;21;81
86;35;93
85;43;58
84;46;64
83;96;98
82;69;48
81;14;1
80;91;66
79;51;84
78;35;30
77;70;10
76;1;95
75;88;54
74;75;24
73;40;8
72;39;81
71;59;99
70;18;28
69;8;21
68;12;36
67;37;30
66;17;81
65;48;68
64;9;14
63;8;51
62;13;69
61;91;70
60;97;93
59;65;93
58;79;50
57;86;38
56;20;40
55;95;51
54;87;43
53;26;9
52;67;24
51;75;87
50;18;53
49;33;51
48;90;22
47;62;88
46;34;39
45;61;96
44;4;4
43;53;37
42;79;9
41;72;48
40;34;87
39;32;99
38;19;36
37;44;94
36;29;31
35;36;18
34;53;60
33;82;44
32;35;85
31;6;95
30;42;60
29;32;21
28;45;100
27;12;80
26;10;61
25;53;54
24;19;99
23;6;64
22;50;42
21;36;11
20;82;17
19;92;2
18;81;23
17;29;58
16;22;1
15;13;59
14;42;94
13;83;35
12;73;53
11;74;96
10;87;89
9;94;46
8;10;64
7;17;16
6;28;85
5;28;9
4;63;56
3;87;98
2;61;0
1;68;68
100;95;34
99;84;47
98;33;7
97;3;62
96;84;62
95;15;49
94;31;64
93;35;10
92;42;7
91;21;100
90;65;97
89;91;26
88;25;92
87;92;15
86;0;24
85;45;29
84;81;12
83;92;58
82;40;11
81;11;90
80;12;85
79;64;50
78;12;75
77;20;43
76;33;83
75;62;49
74;92;68
73;1;20
72;14;55
71;12;64
70;50;34
69;38;69
68;70;54
67;77;2
66;81;24
65;16;71
64;46;92
63;87;79
62;64;1
61;47;47
60;89;79
59;6;55
58;1;89
57;13;27
56;64;34
55;81;91
54;95;28
53;81;31
52;94;81
51;81;92
50;68;78
49;85;82
48;16;100
47;34;56
46;81;58
45;91;8
44;25;78
43;46;81
42;42;90
41;65;26
40;38;88
39;74;71
38;97;59
37;70;18
36;39;59
35;16;40
34;62;41
33;45;99
32;36;27
31;55;80
30;38;45
29;35;46
28;22;94
27;72;32
26;74;77
25;93;70
24;84;49
23;45;5
22;5;33
21;18;92
20;59;4
19;2;68
18;4;51
17;97;2
16;23;23
15;78;62
14;31;34
13;67;70
12;83;78
11;39;96
10;20;77
9;88;92
8;87;18
7;19;96
6;22;83
5;71;8
4;47;12
3;32;76
2;92;98
1;96;37
