1000;797;17
999;933;2
998;96;62
997;171;21
996;500;80
995;12;98
994;574;93
993;164;36
992;332;20
991;994;48
990;36;61
989;48;58
988;691;90
987;820;54
986;395;16
985;207;86
984;960;42
983;561;2
982;45;19
981;11;100
980;705;3
979;137;47
978;385;28
977;936;6
976;222;70
975;693;13
974;794;5
973;966;56
972;261;75
971;878;74
970;203;89
969;282;10
968;259;74
967;688;76
966;280;71
965;560;37
964;332;95
963;413;83
962;331;6
961;510;16
960;260;28
959;569;42
958;58;58
957;524;15
956;219;74
955;663;95
954;686;2
953;911;59
952;960;61
951;418;10
950;454;68
949;290;21
948;656;64
947;441;71
946;881;62
945;922;33
944;541;8
943;704;1
942;45;7
941;224;37
940;446;90
939;98;17
938;354;71
937;854;51
936;580;62
935;758;73
934;199;98
933;375;76
932;313;81
931;895;46
930;695;27
929;72;63
928;195;70
927;909;35
926;620;56
925;622;81
924;785;72
923;689;78
922;40;80
921;53;72
920;813;75
919;376;11
918;699;61
917;120;29
916;185;31
915;562;29
914;907;14
913;967;98
912;355;88
911;298;19
910;322;83
909;773;51
908;692;32
907;322;14
906;708;73
905;199;29
904;783;94
903;751;60
902;86;12
901;304;10
900;235;7
899;754;42
898;351;32
897;723;65
896;642;59
895;479;48
894;159;77
893;229;42
892;334;79
891;803;80
890;870;97
889;36;75
888;544;60
887;152;73
886;421;97
885;562;42
884;603;41
883;452;31
882;849;29
881;121;42
880;773;93
879;405;100
878;296;22
877;57;68
876;69;3
875;730;48
874;820;16
873;567;51
872;270;92
871;983;17
870;725;54
869;185;6
868;574;98
867;9;99
866;397;45
865;123;49
864;221;86
863;671;3
862;907;20
861;914;76
860;528;80
859;672;98
858;326;40
857;57;12
856;810;16
855;435;35
854;448;35
853;799;37
852;647;36
851;380;98
850;98;18
849;673;86
848;799;94
847;707;8
846;682;89
845;720;75
844;403;2
843;463;38
842;496;12
841;768;75
840;455;12
839;237;7
838;511;0
837;86;51
836;796;10
835;609;90
834;425;82
833;214;7
832;785;99
831;230;71
830;495;40
829;771;73
828;589;90
827;403;87
826;739;79
825;422;44
824;567;20
823;112;100
822;220;100
821;534;22
820;122;28
819;215;26
818;127;31
817;512;15
816;610;72
815;965;59
814;27;24
813;616;9
812;45;62
811;464;24
810;457;89
809;418;9
808;326;32
807;952;41
806;568;88
805;203;53
804;881;14
803;354;87
802;2;24
801;296;36
800;181;94
799;456;85
798;170;12
797;750;79
796;905;7
795;572;93
794;829;87
793;990;65
792;962;18
791;797;83
790;125;33
789;815;65
788;881;93
787;819;28
786;822;30
785;992;94
784;876;73
783;383;46
782;96;73
781;809;70
780;952;24
779;743;10
778;453;77
777;869;76
776;957;83
775;128;42
774;122;20
773;44;55
772;910;79
771;604;49
770;695;84
769;536;45
768;272;91
767;236;73
766;302;42
765;132;65
764;518;24
763;700;12
762;868;46
761;25;72
760;528;43
759;79;56
758;366;30
757;982;29
756;11;87
755;476;58
754;311;66
753;245;9
752;146;64
751;832;47
750;797;29
749;364;37
748;910;35
747;42;43
746;636;0
745;458;93
744;751;97
743;165;23
742;557;14
741;591;78
740;241;82
739;953;67
738;366;98
737;579;94
736;250;25
735;641;3
734;223;20
733;201;42
732;909;9
731;655;48
730;990;53
729;425;34
728;299;51
727;914;95
726;380;23
725;982;85
724;653;45
723;628;83
722;283;61
721;360;89
720;676;67
719;880;29
718;963;86
717;700;57
716;604;0
715;850;75
714;901;58
713;699;3
712;398;99
711;542;41
710;903;56
709;547;67
708;945;37
707;388;96
706;547;31
705;195;32
704;960;62
703;433;85
702;181;50
701;420;16
700;871;50
699;115;58
698;788;21
697;715;17
696;675;14
695;376;43
694;636;48
693;927;72
692;220;36
691;668;82
690;965;99
689;411;92
688;922;94
687;138;94
686;226;93
685;954;35
684;409;3
683;362;63
682;233;73
681;429;42
680;817;50
679;498;96
678;904;62
677;768;96
676;97;73
675;926;13
674;197;19
673;992;62
672;834;50
671;564;43
670;340;59
669;130;8
668;503;69
667;418;61
666;440;59
665;930;49
664;53;22
663;473;51
662;89;1
661;956;83
660;734;55
659;282;1
658;787;17
657;221;1
656;962;82
655;317;13
654;444;92
653;559;96
652;913;59
651;654;33
650;707;98
649;662;48
648;428;46
647;694;24
646;617;25
645;452;38
644;10;63
643;431;40
642;406;74
641;173;89
640;628;61
639;955;48
638;547;29
637;522;8
636;610;11
635;869;96
634;142;11
633;718;89
632;198;2
631;87;46
630;462;38
629;661;87
628;500;98
627;871;15
626;553;39
625;621;10
624;243;32
623;965;66
622;275;6
621;744;58
620;882;85
619;367;91
618;146;30
617;357;29
616;919;34
615;420;43
614;210;62
613;822;18
612;875;94
611;11;14
610;455;64
609;984;22
608;302;22
607;973;66
606;221;25
605;198;43
604;360;5
603;990;16
602;501;74
601;411;48
600;968;56
599;107;97
598;950;78
597;322;70
596;202;11
595;542;17
594;698;35
593;725;85
592;945;12
591;108;22
590;829;21
589;491;27
588;155;24
587;897;27
586;662;13
585;394;85
584;41;20
583;974;7
582;625;42
581;420;14
580;923;58
579;559;63
578;878;90
577;944;73
576;384;73
575;615;44
574;911;37
573;956;63
572;84;29
571;249;46
570;630;38
569;294;49
568;727;26
567;510;63
566;796;28
565;284;7
564;345;62
563;730;74
562;838;70
561;414;59
560;232;2
559;587;1
558;177;10
557;682;17
556;176;63
555;973;61
554;938;1
553;693;64
552;852;45
551;812;76
550;461;62
549;131;95
548;186;73
547;495;56
546;394;95
545;225;51
544;798;53
543;520;97
542;83;34
541;143;32
540;370;4
539;626;23
538;450;28
537;672;54
536;980;14
535;612;27
534;701;63
533;513;68
532;346;55
531;747;40
530;552;51
529;472;100
528;373;85
527;829;68
526;76;91
525;73;78
524;244;18
523;512;30
522;620;26
521;343;80
520;701;78
519;939;75
518;469;16
517;126;61
516;467;65
515;757;2
514;768;98
513;176;50
512;844;49
511;285;47
510;307;28
509;256;37
508;263;31
507;344;24
506;936;48
505;480;59
504;275;26
503;427;23
502;675;95
501;936;8
500;858;55
499;91;42
498;793;31
497;388;49
496;799;67
495;226;40
494;699;87
493;312;85
492;634;58
491;475;47
490;614;62
489;977;90
488;580;45
487;638;22
486;281;89
485;350;10
484;416;60
483;642;79
482;730;40
481;720;0
480;620;72
479;475;66
478;424;84
477;283;28
476;725;22
475;313;53
474;303;69
473;950;46
472;893;6
471;876;57
470;426;90
469;638;70
468;180;78
467;758;1
466;903;68
465;17;58
464;868;79
463;486;46
462;775;74
461;614;95
460;260;48
459;640;1
458;430;34
457;842;2
456;51;3
455;408;100
454;19;83
453;501;59
452;224;8
451;878;75
450;593;26
449;44;94
448;711;81
447;11;69
446;586;71
445;984;59
444;792;99
443;599;84
442;121;14
441;794;100
440;134;62
439;594;27
438;151;54
437;318;29
436;706;13
435;901;3
434;44;41
433;935;85
432;541;64
431;411;65
430;467;59
429;899;33
428;757;29
427;503;7
426;733;22
425;784;80
424;723;29
423;85;11
422;424;7
421;518;71
420;252;75
419;712;86
418;990;87
417;996;50
416;482;23
415;801;65
414;948;84
413;301;97
412;267;21
411;847;4
410;606;28
409;469;55
408;823;29
407;953;5
406;148;12
405;658;88
404;846;42
403;775;99
402;45;27
401;857;42
400;294;63
399;365;85
398;959;93
397;983;38
396;753;50
395;449;67
394;746;78
393;448;66
392;306;36
391;701;58
390;199;62
389;372;74
388;571;13
387;986;100
386;776;37
385;209;24
384;274;66
383;795;31
382;21;67
381;772;11
380;921;10
379;614;60
378;582;57
377;103;79
376;487;70
375;302;54
374;238;51
373;189;52
372;888;52
371;870;76
370;864;19
369;720;5
368;774;24
367;945;92
366;671;69
365;674;63
364;714;36
363;382;81
362;23;35
361;803;7
360;731;44
359;806;33
358;858;10
357;245;100
356;938;92
355;640;2
354;79;40
353;268;74
352;552;47
351;19;88
350;861;66
349;477;7
348;764;26
347;591;15
346;774;72
345;624;30
344;74;72
343;153;87
342;713;22
341;559;3
340;332;77
339;567;70
338;653;70
337;479;94
336;505;34
335;271;84
334;738;41
333;861;96
332;715;20
331;742;94
330;24;31
329;808;70
328;738;39
327;780;12
326;912;42
325;764;93
324;905;72
323;483;50
322;176;70
321;572;67
320;486;14
319;747;98
318;703;69
317;891;90
316;60;56
315;661;22
314;188;2
313;378;76
312;691;73
311;232;33
310;403;18
309;323;39
308;843;42
307;774;55
306;454;2
305;520;5
304;245;90
303;471;79
302;481;58
301;275;37
300;480;49
299;530;82
298;860;17
297;293;1
296;26;60
295;879;70
294;278;51
293;44;77
292;351;16
291;537;11
290;660;13
289;904;52
288;765;89
287;514;36
286;44;27
285;25;14
284;34;12
283;823;79
282;484;67
281;159;72
280;316;74
279;482;12
278;486;62
277;525;11
276;818;77
275;812;18
274;693;79
273;983;32
272;608;86
271;133;87
270;776;1
269;456;85
268;70;38
267;927;64
266;547;81
265;441;12
264;524;40
263;232;25
262;596;13
261;155;82
260;33;49
259;445;38
258;204;5
257;445;100
256;754;83
255;576;28
254;51;15
253;853;30
252;907;40
251;46;86
250;917;59
249;927;89
248;975;67
247;329;41
246;256;15
245;894;7
244;72;16
243;407;22
242;952;25
241;124;0
240;885;6
239;705;87
238;913;29
237;172;39
236;801;7
235;683;90
234;308;87
233;519;45
232;761;41
231;72;50
230;470;90
229;412;32
228;401;15
227;883;91
226;909;56
225;632;40
224;525;98
223;613;28
222;462;73
221;928;9
220;834;60
219;284;49
218;323;91
217;959;94
216;466;38
215;602;78
214;641;88
213;163;41
212;178;30
211;796;28
210;913;10
209;276;9
208;586;33
207;723;99
206;991;33
205;516;47
204;84;21
203;992;8
202;542;100
201;12;46
200;619;44
199;937;80
198;786;62
197;417;45
196;426;78
195;161;69
194;31;58
193;910;60
192;240;73
191;517;0
190;16;71
189;115;86
188;780;94
187;472;1
186;974;38
185;920;93
184;636;85
183;241;87
182;259;34
181;948;46
180;911;11
179;119;34
178;864;73
177;968;2
176;647;95
175;175;75
174;733;49
173;379;72
172;263;99
171;877;76
170;852;7
169;623;80
168;47;34
167;116;6
166;412;5
165;950;96
164;259;10
163;125;5
162;897;80
161;543;2
160;960;24
159;740;23
158;896;73
157;132;29
156;330;84
155;959;46
154;422;96
153;176;22
152;236;28
151;60;72
150;379;5
149;271;35
148;34;81
147;572;67
146;29;58
145;161;74
144;923;62
143;381;95
142;855;76
141;229;26
140;5;16
139;872;58
138;355;15
137;117;52
136;979;48
135;440;11
134;962;78
133;46;0
132;529;28
131;27;91
130;781;80
129;388;59
128;137;37
127;40;51
126;900;82
125;396;97
124;983;76
123;725;34
122;505;39
121;87;14
120;604;17
119;542;70
118;488;60
117;447;69
116;448;94
115;688;1
114;211;100
113;906;73
112;260;2
111;776;83
110;251;70
109;197;40
108;928;86
107;781;84
106;872;44
105;446;10
104;79;90
103;538;22
102;876;39
101;861;76
100;502;36
99;120;44
98;155;3
97;632;62
96;574;27
95;719;15
94;706;45
93;873;69
92;843;45
91;472;54
90;121;34
89;228;92
88;107;44
87;848;55
86;708;50
85;775;38
84;155;86
83;252;26
82;719;86
81;265;74
80;226;86
79;326;25
78;315;32
77;111;93
76;2;41
75;949;92
74;200;24
73;599;36
72;478;49
71;966;96
70;134;86
69;717;48
68;229;37
67;832;42
66;783;12
65;735;76
64;955;44
63;83;23
62;888;54
61;749;11
60;894;18
59;433;62
58;82;18
57;190;84
56;720;50
55;970;47
54;44;94
53;596;19
52;407;95
51;366;26
50;283;16
49;736;26
48;183;100
47;102;76
46;504;40
45;966;37
44;658;57
43;837;81
42;704;21
41;75;25
40;166;8
39;134;64
38;970;48
37;480;69
36;676;34
35;678;38
34;680;85
33;762;34
32;216;70
31;181;77
30;497;69
29;559;69
28;420;69
27;299;21
26;280;65
25;185;82
24;267;50
23;482;2
22;700;79
21;480;97
20;698;57
19;39;13
18;289;63
17;79;42
16;297;6
15;461;75
14;3;18
13;310;14
12;496;51
11;781;8
10;366;43
9;989;15
8;979;55
7;789;89
6;524;12
5;837;48
4;838;7
3;802;95
2;990;44
1;86;64
