100;93;81
99;10;32
98;94;40
97;92;78
96;62;91
95;32;72
94;14;55
93;52;40
92;5;81
91;11;84
90;62;43
89;43;11
88;0;87
87;72;38
86;50;3
85;17;36
84;7;98
83;90;97
82;7;17
81;55;94
80;39;60
79;29;73
78;40;14
77;22;5
76;96;65
75;42;60
74;62;42
73;98;21
72;53;87
71;90;41
70;97;94
69;34;73
68;40;61
67;37;26
66;98;70
65;86;74
64;32;76
63;85;19
62;97;18
61;64;21
60;61;71
59;60;83
58;18;88
57;9;75
56;40;10
55;52;26
54;58;65
53;57;25
52;46;54
51;40;20
50;78;56
49;98;62
48;84;77
47;41;93
46;49;35
45;63;69
44;17;44
43;95;24
42;48;8
41;93;42
40;69;10
39;25;11
38;18;97
37;33;28
36;64;8
35;58;8
34;62;25
33;47;9
32;46;7
31;7;93
30;41;37
29;49;95
28;19;95
27;56;98
26;74;72
25;2;57
24;70;48
23;47;80
22;15;87
21;59;38
20;84;1
19;89;47
18;38;53
17;40;61
16;60;43
15;54;47
14;9;5
13;36;29
12;3;42
11;23;3
10;5;90
9;38;57
8;8;19
7;11;41
6;69;81
5;72;88
4;8;62
3;77;34
2;21;18
1;85;31
100;33;33
99;6;42
98;36;100
97;77;84
96;83;2
95;51;77
94;15;94
93;42;95
92;71;93
91;2;33
90;10;50
89;85;52
88;38;94
87;57;26
86;83;27
85;61;92
84;62;67
83;65;84
82;45;16
81;90;83
80;45;54
79;92;65
78;78;92
77;44;80
76;86;4
75;81;82
74;43;84
73;4;18
72;98;68
71;48;5
70;91;34
69;42;33
68;30;83
67;7;25
66;60;3
65;59;28
64;14;44
63;95;78
62;97;23
61;31;87
60;83;91
59;57;47
58;51;45
57;58;14
56;60;98
55;34;20
54;66;80
53;63;44
52;28;65
51;66;1
50;22;39
49;52;87
48;17;58
47;10;96
46;25;93
45;11;96
44;13;68
43;51;75
42;16;92
41;90;59
40;76;32
39;95;54
38;43;80
37;37;30
36;81;75
35;19;80
34;71;58
33;70;34
32;86;38
31;98;97
30;17;77
29;78;30
28;88;64
27;14;55
26;59;64
25;60;49
24;65;51
23;58;73
22;27;81
21;53;35
20;92;87
19;53;85
18;83;86
17;33;10
16;46;69
15;53;13
14;9;69
13;80;42
12;64;72
11;33;34
10;42;96
9;65;64
8;80;9
7;78;17
6;29;23
5;53;29
4;16;23
3;4;10
2;79;39
1;38;86
100;66;40
99;36;38
98;88;56
97;33;34
96;3;13
95;76;43
94;92;20
93;16;33
92;90;52
91;85;95
90;40;69
89;66;72
88;39;59
87;11;39
86;46;81
85;88;0
84;35;33
83;50;87
82;31;44
81;61;82
80;16;84
79;57;39
78;93;30
77;29;86
76;61;99
75;69;12
74;86;15
73;32;76
72;75;70
71;62;67
70;24;8
69;78;10
68;98;18
67;35;17
66;62;86
65;67;33
64;3;96
63;22;44
62;35;55
61;19;80
60;71;54
59;4;97
58;68;33
57;82;76
56;15;52
55;14;18
54;52;33
53;67;55
52;92;35
51;43;67
50;50;3
49;43;56
48;6;15
47;55;48
46;67;89
45;55;37
44;53;10
43;79;49
42;75;63
41;30;51
40;21;55
39;34;93
38;20;30
37;40;22
36;63;48
35;83;40
34;64;74
33;93;60
32;55;87
31;95;72
30;17;62
29;1;86
28;89;21
27;57;93
26;0;87
25;71;91
24;42;10
23;9;35
22;6;59
21;94;5
20;49;48
19;14;19
18;58;16
17;42;32
16;96;26
15;32;63
14;74;80
13;79;41
12;87;29
11;6;49
10;57;90
9;28;77
8;3;39
7;60;39
6;75;7
5;22;79
4;2;38
3;91;52
2;81;43
1;72;85
100;7;48
99;33;95
98;68;35
97;13;87
96;40;23
95;32;29
94;45;12
93;80;29
92;40;93
91;83;48
90;94;66
89;45;97
88;32;63
87;68;68
86;35;83
85;60;51
84;19;94
83;15;41
82;45;74
81;24;89
80;73;45
79;3;71
78;5;82
77;3;88
76;82;85
75;86;61
74;68;4
73;79;18
72;20;65
71;84;85
70;90;2
69;28;98
68;34;45
67;63;0
66;3;98
65;50;59
64;29;43
63;85;32
62;97;18
61;57;75
60;87;99
59;95;66
58;39;12
57;40;14
56;91;55
55;20;64
54;57;68
53;20;24
52;74;92
51;89;7
50;75;19
49;50;18
48;77;54
47;81;22
46;81;77
45;25;44
44;14;97
43;59;92
42;69;32
41;37;54
40;78;53
39;18;79
38;3;6
37;88;72
36;40;99
35;57;66
34;36;96
33;77;14
32;45;86
31;91;90
30;67;22
29;57;67
28;55;10
27;95;68
26;87;4
25;26;43
24;37;51
23;27;80
22;55;50
21;89;83
20;7;17
19;69;25
18;81;24
17;60;12
16;19;11
15;3;14
14;82;67
13;17;32
12;94;74
11;85;19
10;73;20
9;11;18
8;33;97
7;27;22
6;38;58
5;78;65
4;30;78
3;32;50
2;76;67
1;24;75
100;10;7
99;53;43
98;96;24
97;49;89
96;68;50
95;19;45
94;80;55
93;73;97
92;16;12
91;14;96
90;18;14
89;2;49
88;48;57
87;17;51
86;93;29
85;66;97
84;20;17
83;8;45
82;90;62
81;66;85
80;61;43
79;52;38
78;81;91
77;17;14
76;19;88
75;68;25
74;41;32
73;89;1
72;84;73
71;81;84
70;89;82
69;24;61
68;61;68
67;51;13
66;61;24
65;54;74
64;37;85
63;58;53
62;7;60
61;83;17
60;21;87
59;54;18
58;21;46
57;41;74
56;87;19
55;70;57
54;56;59
53;53;92
52;42;38
51;89;15
50;54;62
49;69;31
48;84;83
47;69;88
46;43;32
45;77;64
44;50;2
43;2;68
42;22;76
41;89;21
40;26;36
39;73;72
38;80;82
37;50;93
36;78;80
35;84;76
34;60;17
33;78;12
32;35;64
31;71;31
30;0;87
29;9;21
28;83;33
27;71;84
26;6;93
25;54;100
24;14;0
23;70;24
22;61;87
21;1;44
20;0;10
19;74;1
18;70;45
17;94;94
16;4;82
15;79;48
14;20;3
13;93;3
12;10;45
11;25;75
10;4;88
9;19;21
8;23;22
7;71;15
6;90;36
5;31;79
4;57;6
3;57;29
2;32;54
1;2;83
100;45;31
99;78;63
98;1;29
97;68;54
96;14;48
95;63;49
94;51;39
93;27;76
92;20;48
91;9;91
90;62;71
89;21;15
88;3;96
87;37;32
86;98;42
85;87;41
84;6;75
83;74;74
82;79;3
81;5;5
80;28;53
79;6;15
78;80;30
77;35;57
76;70;77
75;84;51
74;90;86
73;97;12
72;84;69
71;20;93
70;67;55
69;6;58
68;76;64
67;85;18
66;29;43
65;21;40
64;54;47
63;78;27
62;28;97
61;17;46
60;44;97
59;23;67
58;89;0
57;57;55
56;92;51
55;18;90
54;41;5
53;89;87
52;82;92
51;79;66
50;44;91
49;2;59
48;27;81
47;90;0
46;52;56
45;26;100
44;48;85
43;39;3
42;37;99
41;5;34
40;23;93
39;29;49
38;27;79
37;3;89
36;32;77
35;85;48
34;96;9
33;95;47
32;17;75
31;67;48
30;71;7
29;45;0
28;4;75
27;88;77
26;94;77
25;90;32
24;6;16
23;16;1
22;65;76
21;7;59
20;21;33
19;54;1
18;85;77
17;5;4
16;65;67
15;5;32
14;17;5
13;56;23
12;39;95
11;89;25
10;84;88
9;54;80
8;35;91
7;77;14
6;59;53
5;1;83
4;25;70
3;53;18
2;19;57
1;91;60
100;55;59
99;29;31
98;63;72
97;26;11
96;23;27
95;65;66
94;81;4
93;16;0
92;45;55
91;77;87
90;42;55
89;21;50
88;58;13
87;22;28
86;68;56
85;67;19
84;39;68
83;43;30
82;84;84
81;1;52
80;87;93
79;51;53
78;46;88
77;51;46
76;51;74
75;28;48
74;84;52
73;71;73
72;94;63
71;94;40
70;73;15
69;11;76
68;37;30
67;43;22
66;46;15
65;96;36
64;51;49
63;77;21
62;65;84
61;59;79
60;84;35
59;82;7
58;9;90
57;53;95
56;9;23
55;77;15
54;62;86
53;63;70
52;19;61
51;42;40
50;98;36
49;50;3
48;75;37
47;95;32
46;30;98
45;27;41
44;53;40
43;31;72
42;60;18
41;12;75
40;44;94
39;1;3
38;20;18
37;47;12
36;61;95
35;43;14
34;10;0
33;58;1
32;78;53
31;28;30
30;70;14
29;30;29
28;6;94
27;1;16
26;89;90
25;22;95
24;1;56
23;27;99
22;56;40
21;23;54
20;97;49
19;5;14
18;73;26
17;73;20
16;65;67
15;74;81
14;57;84
13;27;99
12;21;58
11;29;81
10;24;49
9;32;15
8;91;79
7;1;2
6;83;43
5;92;3
4;9;96
3;21;48
2;83;3
1;16;24
100;7;7
99;28;63
98;40;33
97;26;14
96;23;77
95;42;10
94;44;19
93;94;5
92;74;0
91;10;37
90;0;94
89;44;27
88;2;15
87;51;40
86;68;73
85;73;6
84;21;0
83;68;57
82;26;41
81;38;39
80;5;3
79;15;91
78;89;40
77;89;2
76;76;44
75;28;50
74;13;42
73;2;76
72;38;22
71;62;23
70;95;60
69;75;62
68;52;57
67;28;32
66;29;66
65;73;16
64;56;18
63;27;70
62;76;88
61;81;69
60;64;15
59;78;58
58;9;14
57;72;85
56;86;36
55;50;16
54;68;55
53;67;92
52;40;7
51;70;81
50;94;37
49;50;18
48;25;45
47;98;95
46;94;10
45;26;20
44;76;27
43;44;60
42;24;39
41;21;19
40;87;22
39;9;87
38;86;96
37;66;37
36;27;96
35;8;33
34;69;39
33;58;18
32;80;37
31;10;11
30;32;27
29;10;12
28;59;50
27;5;50
26;85;77
25;74;46
24;69;28
23;56;87
22;80;45
21;29;96
20;18;33
19;95;1
18;78;56
17;9;34
16;30;53
15;91;60
14;34;53
13;43;80
12;19;47
11;8;22
10;30;89
9;37;12
8;1;3
7;97;36
6;6;52
5;61;60
4;21;78
3;24;39
2;27;30
1;55;58
100;55;84
99;25;26
98;19;78
97;35;59
96;44;42
95;14;48
94;71;40
93;49;19
92;71;47
91;92;60
90;61;76
89;16;1
88;60;62
87;32;23
86;38;59
85;42;96
84;13;20
83;58;39
82;95;0
81;73;15
80;52;34
79;81;53
78;49;25
77;11;23
76;94;59
75;92;94
74;5;92
73;55;70
72;69;56
71;81;76
70;77;93
69;8;69
68;29;60
67;88;42
66;8;23
65;49;65
64;49;60
63;13;57
62;4;2
61;39;88
60;4;80
59;96;39
58;43;39
57;58;63
56;35;58
55;23;10
54;50;1
53;84;53
52;47;80
51;3;55
50;26;46
49;74;71
48;4;34
47;26;79
46;74;70
45;35;51
44;94;69
43;70;39
42;24;19
41;90;76
40;87;58
39;57;45
38;78;50
37;33;63
36;83;61
35;57;96
34;91;43
33;65;18
32;61;25
31;41;2
30;7;39
29;7;29
28;69;97
27;61;10
26;69;45
25;52;79
24;64;55
23;9;7
22;88;58
21;75;86
20;60;75
19;96;90
18;27;75
17;50;55
16;38;68
15;12;94
14;16;65
13;13;39
12;37;60
11;3;76
10;21;48
9;62;10
8;80;48
7;25;25
6;15;25
5;78;36
4;66;77
3;31;73
2;51;64
1;28;91
100;57;20
99;10;38
98;97;14
97;63;28
96;63;35
95;64;34
94;4;74
93;48;71
92;6;65
91;43;81
90;51;53
89;81;59
88;57;81
87;13;53
86;20;14
85;64;96
84;14;16
83;17;24
82;13;63
81;56;1
80;34;12
79;16;7
78;74;33
77;26;55
76;28;71
75;98;78
74;16;6
73;2;17
72;48;37
71;86;90
70;51;59
69;66;31
68;32;56
67;89;38
66;8;24
65;14;23
64;73;5
63;89;42
62;28;69
61;68;79
60;20;86
59;74;17
58;77;2
57;68;52
56;54;21
55;4;14
54;80;2
53;39;15
52;78;43
51;63;91
50;60;71
49;9;15
48;96;55
47;94;31
46;53;46
45;58;18
44;8;4
43;62;65
42;35;5
41;28;35
40;1;35
39;30;99
38;34;13
37;70;60
36;56;92
35;77;96
34;52;45
33;52;9
32;5;66
31;92;32
30;77;74
29;7;46
28;51;99
27;3;94
26;22;87
25;89;93
24;17;42
23;73;67
22;75;96
21;81;77
20;8;92
19;88;16
18;23;100
17;89;42
16;57;19
15;98;17
14;37;55
13;25;50
12;93;59
11;53;7
10;92;1
9;13;9
8;78;80
7;64;52
6;2;52
5;35;25
4;97;72
3;77;66
2;81;89
1;92;37
100;53;19
99;71;17
98;28;1
97;40;10
96;27;6
95;71;41
94;78;76
93;66;28
92;89;14
91;91;25
90;47;64
89;1;61
88;66;88
87;71;61
86;68;80
85;21;41
84;9;57
83;44;35
82;62;15
81;76;75
80;28;72
79;94;95
78;92;18
77;34;78
76;13;30
75;95;85
74;13;91
73;65;53
72;5;11
71;94;79
70;7;79
69;32;18
68;12;40
67;4;73
66;88;59
65;7;9
64;25;27
63;82;31
62;29;39
61;9;32
60;36;61
59;61;95
58;15;44
57;34;94
56;9;76
55;94;75
54;55;91
53;98;73
52;90;30
51;74;51
50;15;92
49;62;14
48;14;62
47;34;77
46;31;80
45;14;93
44;19;87
43;1;55
42;24;10
41;57;5
40;32;73
39;47;61
38;84;57
37;64;76
36;5;76
35;47;81
34;31;95
33;85;21
32;28;55
31;16;1
30;31;74
29;14;45
28;16;26
27;17;49
26;11;40
25;20;66
24;92;5
23;46;87
22;97;33
21;66;84
20;21;89
19;10;13
18;58;7
17;26;62
16;46;97
15;23;76
14;3;23
13;55;79
12;82;79
11;45;64
10;33;76
9;19;2
8;47;44
7;86;43
6;78;27
5;20;49
4;93;19
3;33;1
2;71;17
1;74;67
100;75;46
99;62;40
98;2;27
97;90;28
96;85;50
95;95;64
94;3;65
93;14;15
92;67;38
91;15;65
90;63;43
89;54;34
88;46;18
87;85;1
86;33;73
85;58;4
84;38;74
83;86;82
82;8;78
81;16;73
80;16;20
79;83;72
78;13;77
77;70;23
76;63;59
75;6;95
74;25;48
73;6;49
72;19;31
71;6;85
70;47;67
69;32;6
68;91;6
67;27;15
66;10;19
65;60;9
64;28;43
63;23;31
62;54;81
61;77;23
60;22;81
59;75;60
58;3;88
57;52;73
56;53;31
55;6;32
54;12;22
53;77;54
52;66;19
51;12;39
50;68;92
49;68;90
48;45;58
47;95;23
46;36;38
45;83;51
44;56;96
43;81;28
42;75;18
41;48;16
40;83;14
39;53;2
38;15;16
37;82;42
36;30;45
35;63;88
34;48;73
33;20;3
32;45;20
31;80;11
30;6;4
29;32;42
28;7;14
27;38;95
26;47;11
25;67;87
24;53;81
23;75;98
22;32;28
21;90;56
20;17;6
19;88;93
18;28;26
17;6;10
16;49;90
15;54;17
14;58;95
13;81;80
12;71;78
11;22;93
10;13;43
9;52;36
8;62;47
7;93;24
6;82;39
5;69;23
4;9;98
3;6;69
2;38;22
1;35;29
100;79;52
99;7;76
98;14;95
97;50;47
96;5;50
95;63;87
94;53;93
93;3;74
92;22;0
91;58;9
90;32;100
89;53;26
88;91;39
87;62;76
86;41;2
85;48;59
84;9;100
83;18;26
82;33;63
81;37;81
80;82;1
79;39;67
78;46;65
77;61;81
76;32;54
75;79;91
74;83;94
73;35;5
72;51;6
71;22;74
70;21;42
69;52;30
68;18;71
67;50;12
66;5;99
65;44;55
64;89;98
63;65;55
62;64;93
61;49;73
60;74;87
59;53;52
58;45;88
57;48;28
56;91;73
55;63;46
54;17;53
53;43;40
52;76;51
51;21;53
50;5;40
49;19;25
48;34;60
47;68;5
46;79;17
45;83;77
44;95;27
43;17;67
42;81;9
41;39;33
40;41;27
39;67;38
38;52;6
37;38;60
36;0;15
35;98;68
34;2;43
33;13;8
32;44;43
31;18;15
30;27;20
29;69;10
28;0;73
27;68;53
26;6;75
25;47;80
24;0;100
23;57;77
22;95;48
21;75;24
20;74;19
19;32;65
18;6;57
17;29;15
16;24;28
15;43;73
14;84;74
13;76;5
12;96;80
11;24;48
10;20;63
9;60;63
8;37;94
7;18;91
6;47;25
5;32;61
4;4;1
3;98;34
2;53;52
1;12;43
100;92;57
99;45;33
98;84;85
97;58;100
96;94;18
95;81;83
94;79;15
93;12;13
92;88;9
91;56;0
90;96;58
89;56;42
88;41;63
87;50;18
86;68;70
85;52;20
84;70;9
83;59;63
82;36;69
81;26;73
80;6;76
79;88;45
78;69;81
77;80;60
76;80;85
75;20;5
74;64;4
73;28;49
72;73;87
71;24;6
70;44;6
69;88;0
68;89;40
67;12;24
66;46;19
65;0;48
64;61;6
63;80;0
62;32;0
61;96;25
60;86;96
59;40;87
58;87;44
57;58;43
56;59;53
55;72;81
54;39;60
53;44;2
52;3;78
51;34;56
50;92;79
49;62;62
48;83;67
47;97;25
46;6;5
45;71;58
44;41;85
43;95;80
42;6;70
41;44;60
40;18;16
39;97;76
38;80;18
37;51;77
36;27;70
35;83;85
34;18;31
33;98;44
32;48;73
31;23;96
30;34;31
29;33;10
28;96;73
27;87;59
26;88;70
25;71;87
24;2;0
23;58;46
22;56;13
21;54;88
20;13;40
19;85;84
18;15;94
17;31;21
16;77;50
15;74;83
14;91;67
13;80;73
12;2;33
11;81;6
10;5;61
9;65;74
8;0;29
7;67;57
6;45;35
5;1;7
4;55;96
3;8;55
2;60;74
1;98;65
100;55;37
99;95;10
98;63;20
97;87;79
96;94;17
95;55;64
94;16;39
93;11;43
92;67;59
91;19;77
90;74;97
89;17;84
88;82;45
87;71;31
86;47;28
85;79;44
84;33;21
83;53;96
82;85;83
81;53;72
80;77;3
79;95;50
78;70;2
77;46;69
76;72;89
75;25;5
74;9;89
73;48;75
72;55;70
71;47;31
70;47;100
69;3;60
68;37;3
67;69;63
66;77;30
65;44;42
64;22;62
63;21;90
62;45;23
61;45;54
60;67;100
59;39;61
58;6;93
57;86;25
56;1;87
55;27;10
54;56;59
53;56;30
52;92;79
51;34;57
50;15;71
49;24;46
48;61;24
47;94;99
46;72;40
45;62;59
44;75;22
43;43;23
42;66;51
41;95;2
40;30;96
39;31;55
38;15;83
37;80;25
36;94;74
35;67;76
34;83;47
33;26;49
32;62;36
31;61;66
30;89;81
29;57;5
28;33;48
27;71;84
26;61;55
25;32;94
24;7;56
23;38;59
22;68;8
21;8;57
20;49;31
19;71;77
18;66;43
17;11;33
16;41;17
15;48;0
14;38;61
13;11;7
12;26;57
11;34;89
10;10;45
9;73;62
8;65;78
7;42;29
6;72;47
5;52;7
4;29;49
3;64;64
2;16;6
1;61;34
100;9;30
99;45;91
98;63;98
97;54;66
96;80;44
95;72;37
94;15;72
93;2;69
92;44;78
91;17;93
90;19;22
89;30;38
88;47;14
87;23;83
86;10;69
85;78;82
84;1;26
83;62;27
82;0;56
81;6;90
80;6;80
79;46;49
78;54;42
77;67;16
76;73;65
75;61;94
74;81;91
73;90;18
72;64;69
71;67;4
70;32;43
69;60;71
68;68;89
67;3;42
66;97;80
65;78;23
64;0;54
63;48;72
62;19;80
61;54;55
60;46;97
59;41;55
58;70;24
57;48;64
56;91;14
55;50;97
54;23;7
53;72;10
52;47;21
51;92;66
50;64;56
49;44;56
48;65;44
47;72;28
46;13;73
45;30;85
44;39;36
43;72;58
42;43;14
41;80;19
40;1;73
39;1;60
38;44;38
37;84;89
36;86;21
35;66;30
34;69;42
33;85;60
32;55;1
31;38;32
30;60;65
29;86;5
28;39;79
27;18;29
26;51;66
25;83;22
24;55;76
23;12;64
22;87;92
21;76;88
20;30;51
19;88;51
18;63;79
17;54;34
16;0;5
15;21;53
14;47;57
13;56;30
12;46;16
11;65;23
10;66;35
9;93;26
8;29;100
7;43;31
6;19;93
5;53;23
4;22;55
3;85;76
2;41;98
1;26;72
100;41;26
99;64;49
98;20;90
97;85;48
96;46;79
95;41;95
94;74;64
93;50;73
92;5;72
91;34;76
90;77;17
89;90;23
88;70;93
87;81;87
86;48;44
85;73;94
84;41;9
83;2;6
82;83;88
81;82;77
80;5;62
79;70;86
78;39;9
77;56;79
76;2;5
75;67;26
74;96;38
73;15;79
72;4;52
71;20;0
70;35;72
69;83;36
68;34;71
67;61;90
66;38;59
65;29;65
64;49;26
63;50;9
62;96;41
61;93;72
60;84;50
59;71;85
58;69;58
57;6;69
56;59;21
55;58;77
54;91;64
53;92;8
52;4;16
51;0;18
50;11;49
49;57;68
48;45;11
47;37;5
46;92;21
45;48;14
44;14;40
43;4;29
42;38;36
41;2;94
40;59;84
39;95;74
38;40;98
37;72;27
36;23;81
35;86;76
34;23;91
33;97;14
32;8;8
31;88;85
30;24;80
29;69;72
28;39;36
27;39;11
26;78;63
25;81;42
24;81;74
23;92;50
22;98;27
21;74;57
20;60;18
19;45;41
18;54;41
17;40;83
16;39;11
15;78;39
14;72;95
13;0;26
12;61;36
11;0;21
10;53;35
9;51;15
8;71;44
7;0;26
6;93;0
5;71;100
4;46;43
3;54;66
2;84;43
1;64;44
100;83;21
99;30;77
98;54;75
97;72;79
96;35;8
95;8;23
94;88;11
93;71;24
92;87;82
91;48;83
90;26;13
89;74;85
88;53;69
87;48;84
86;27;41
85;74;86
84;3;93
83;90;83
82;64;42
81;86;62
80;26;66
79;63;34
78;47;72
77;74;98
76;41;0
75;67;8
74;39;48
73;74;40
72;26;64
71;27;75
70;53;82
69;79;71
68;63;17
67;73;74
66;30;48
65;1;94
64;28;24
63;64;73
62;42;46
61;22;75
60;50;60
59;22;12
58;58;28
57;85;86
56;91;49
55;80;51
54;17;2
53;27;58
52;15;92
51;74;66
50;19;38
49;51;5
48;78;57
47;25;26
46;50;65
45;58;29
44;63;89
43;61;79
42;26;39
41;16;90
40;37;2
39;95;53
38;93;78
37;45;95
36;25;78
35;2;26
34;24;99
33;31;93
32;92;39
31;43;93
30;83;65
29;35;78
28;19;24
27;68;88
26;39;23
25;60;73
24;15;29
23;76;3
22;1;98
21;50;0
20;18;37
19;83;48
18;47;82
17;24;69
16;54;38
15;30;0
14;64;11
13;80;36
12;81;6
11;66;13
10;33;9
9;16;94
8;71;58
7;27;91
6;18;51
5;16;9
4;26;85
3;48;70
2;53;53
1;50;91
100;54;38
99;80;28
98;34;25
97;53;95
96;68;48
95;45;77
94;13;36
93;57;91
92;64;81
91;15;87
90;98;92
89;73;34
88;20;32
87;48;43
86;63;54
85;9;59
84;67;61
83;75;20
82;67;30
81;79;50
80;73;97
79;86;90
78;78;37
77;71;11
76;77;19
75;76;5
74;9;37
73;29;16
72;66;89
71;47;71
70;50;45
69;88;43
68;70;75
67;91;41
66;37;5
65;50;85
64;75;16
63;92;86
62;78;56
61;3;23
60;52;51
59;87;52
58;93;18
57;47;68
56;80;89
55;91;53
54;79;43
53;3;98
52;87;9
51;86;48
50;2;66
49;6;82
48;55;70
47;60;44
46;80;63
45;54;49
44;49;100
43;68;25
42;34;28
41;35;67
40;95;26
39;82;24
38;94;20
37;16;37
36;16;23
35;42;19
34;31;51
33;96;47
32;92;96
31;92;77
30;41;60
29;54;36
28;53;10
27;7;25
26;54;76
25;98;37
24;98;11
23;21;13
22;8;66
21;38;75
20;77;69
19;67;57
18;81;70
17;28;8
16;52;75
15;31;58
14;10;39
13;22;27
12;97;18
11;27;9
10;26;13
9;89;79
8;81;11
7;17;20
6;92;81
5;25;45
4;2;34
3;61;23
2;58;97
1;84;17
100;39;48
99;38;15
98;5;10
97;13;97
96;87;11
95;5;76
94;37;95
93;57;91
92;67;9
91;68;9
90;6;18
89;22;90
88;28;86
87;24;49
86;79;48
85;39;81
84;49;52
83;95;66
82;71;78
81;92;50
80;35;70
79;66;18
78;3;28
77;19;55
76;86;80
75;43;31
74;57;2
73;19;63
72;86;32
71;42;71
70;82;0
69;70;100
68;3;8
67;60;1
66;40;77
65;39;92
64;79;37
63;18;62
62;6;89
61;71;83
60;43;14
59;60;25
58;27;54
57;87;39
56;19;90
55;78;18
54;34;41
53;85;98
52;1;91
51;44;74
50;74;2
49;50;10
48;78;86
47;24;1
46;47;40
45;18;24
44;86;17
43;51;99
42;57;20
41;96;18
40;35;40
39;69;25
38;76;10
37;74;76
36;73;89
35;0;3
34;20;3
33;57;41
32;52;46
31;21;54
30;26;1
29;35;98
28;75;24
27;65;5
26;57;74
25;92;26
24;71;89
23;46;61
22;75;65
21;42;85
20;78;69
19;87;67
18;91;27
17;75;97
16;80;15
15;60;95
14;68;9
13;5;73
12;66;11
11;83;19
10;91;18
9;64;95
8;80;59
7;51;17
6;71;53
5;43;95
4;89;80
3;49;90
2;54;33
1;79;38
100;76;44
99;28;1
98;0;5
97;56;65
96;44;55
95;53;55
94;85;89
93;6;99
92;81;5
91;4;22
90;54;39
89;0;47
88;10;62
87;85;85
86;61;38
85;2;39
84;12;34
83;49;75
82;66;95
81;2;21
80;53;85
79;63;49
78;97;2
77;34;51
76;17;87
75;37;52
74;35;84
73;87;100
72;91;15
71;88;79
70;3;56
69;30;100
68;19;10
67;32;99
66;31;47
65;93;18
64;95;13
63;77;89
62;68;35
61;32;6
60;98;94
59;89;29
58;6;42
57;71;19
56;27;7
55;5;34
54;29;6
53;62;74
52;54;16
51;67;15
50;59;47
49;56;53
48;98;31
47;11;100
46;91;98
45;23;93
44;6;28
43;50;18
42;57;53
41;72;92
40;27;55
39;31;8
38;31;71
37;50;60
36;1;90
35;36;93
34;86;51
33;12;44
32;82;86
31;94;3
30;86;52
29;57;54
28;71;6
27;4;56
26;26;37
25;76;61
24;81;54
23;46;34
22;9;63
21;90;5
20;94;13
19;11;9
18;76;30
17;21;75
16;67;62
15;58;93
14;83;40
13;74;97
12;53;56
11;88;45
10;49;90
9;37;10
8;89;10
7;34;64
6;69;57
5;61;11
4;43;81
3;75;59
2;78;100
1;41;57
100;80;67
99;57;85
98;87;76
97;98;87
96;15;18
95;84;2
94;44;41
93;86;33
92;15;4
91;1;62
90;16;25
89;81;94
88;89;37
87;23;58
86;19;46
85;32;42
84;50;64
83;39;57
82;60;9
81;9;37
80;39;85
79;70;49
78;80;83
77;66;75
76;3;37
75;19;39
74;43;45
73;54;57
72;37;95
71;7;35
70;74;45
69;72;6
68;19;1
67;19;74
66;97;38
65;98;70
64;70;50
63;78;44
62;70;51
61;11;45
60;5;5
59;19;40
58;51;60
57;85;72
56;62;99
55;24;85
54;43;99
53;32;45
52;59;30
51;61;49
50;47;62
49;17;99
48;30;88
47;69;14
46;87;91
45;51;26
44;90;52
43;29;77
42;37;66
41;42;26
40;72;53
39;59;100
38;81;5
37;21;94
36;7;44
35;12;92
34;56;21
33;0;47
32;67;14
31;23;25
30;14;38
29;19;0
28;76;1
27;65;69
26;15;23
25;35;10
24;72;91
23;88;72
22;89;17
21;69;89
20;79;24
19;0;57
18;13;84
17;12;78
16;9;80
15;12;27
14;78;47
13;42;90
12;27;6
11;9;59
10;28;96
9;77;12
8;45;0
7;88;58
6;15;31
5;91;20
4;23;35
3;72;98
2;26;37
1;85;26
100;79;3
99;64;10
98;81;83
97;65;10
96;59;69
95;32;38
94;17;88
93;40;49
92;78;9
91;80;24
90;11;15
89;2;97
88;32;31
87;92;42
86;10;66
85;86;47
84;24;55
83;79;36
82;47;16
81;55;50
80;33;16
79;14;55
78;39;7
77;39;42
76;48;73
75;22;11
74;88;71
73;75;14
72;43;5
71;59;42
70;97;12
69;27;98
68;73;98
67;40;55
66;24;77
65;60;17
64;60;31
63;44;89
62;63;26
61;56;94
60;69;65
59;49;29
58;89;19
57;95;38
56;26;17
55;82;39
54;86;39
53;28;14
52;79;63
51;52;77
50;80;41
49;92;55
48;69;46
47;23;49
46;56;10
45;80;90
44;61;0
43;8;100
42;7;27
41;41;76
40;64;78
39;5;44
38;14;43
37;87;59
36;3;1
35;25;72
34;22;95
33;4;17
32;56;14
31;26;23
30;72;84
29;49;10
28;57;79
27;18;67
26;0;66
25;60;52
24;34;35
23;43;76
22;66;47
21;1;86
20;69;85
19;77;94
18;19;72
17;53;94
16;91;17
15;78;46
14;54;82
13;31;29
12;75;64
11;4;21
10;3;35
9;13;5
8;11;49
7;70;27
6;36;100
5;53;37
4;71;77
3;35;59
2;12;76
1;72;59
100;78;74
99;35;59
98;76;34
97;85;79
96;12;72
95;4;68
94;51;17
93;6;74
92;49;44
91;5;89
90;97;86
89;94;58
88;30;96
87;60;72
86;87;63
85;65;79
84;78;75
83;89;50
82;70;99
81;44;97
80;77;94
79;23;62
78;31;18
77;23;31
76;24;2
75;66;1
74;60;54
73;11;4
72;29;72
71;42;33
70;62;73
69;95;66
68;16;76
67;42;92
66;49;39
65;52;49
64;37;29
63;80;37
62;23;23
61;81;98
60;45;8
59;28;51
58;75;85
57;82;74
56;82;35
55;97;43
54;7;68
53;49;58
52;55;69
51;78;15
50;70;81
49;72;52
48;57;8
47;88;38
46;62;43
45;65;55
44;71;91
43;20;62
42;0;14
41;69;16
40;45;8
39;51;72
38;69;70
37;33;55
36;8;93
35;12;97
34;69;49
33;95;62
32;83;29
31;62;85
30;44;5
29;55;34
28;83;12
27;47;54
26;80;74
25;83;81
24;16;3
23;18;80
22;60;64
21;27;68
20;36;100
19;4;60
18;79;97
17;84;33
16;58;2
15;27;79
14;95;75
13;62;87
12;92;75
11;80;49
10;42;13
9;43;77
8;89;40
7;82;100
6;37;60
5;95;44
4;73;74
3;18;49
2;44;97
1;66;89
100;14;1
99;94;24
98;89;42
97;42;91
96;42;56
95;41;39
94;77;46
93;52;63
92;14;87
91;6;65
90;18;61
89;2;15
88;21;60
87;62;53
86;68;81
85;54;78
84;73;3
83;47;71
82;36;87
81;53;23
80;51;50
79;39;66
78;2;40
77;69;90
76;84;32
75;62;35
74;61;43
73;14;58
72;26;64
71;73;71
70;39;60
69;79;32
68;41;89
67;63;19
66;89;76
65;91;68
64;8;65
63;43;97
62;23;100
61;94;10
60;40;39
59;12;60
58;27;100
57;44;32
56;38;9
55;34;32
54;32;28
53;25;17
52;85;77
51;49;47
50;70;83
49;39;97
48;28;75
47;51;35
46;2;22
45;93;79
44;49;22
43;57;53
42;85;60
41;90;22
40;86;9
39;63;49
38;10;45
37;21;53
36;28;22
35;36;52
34;67;69
33;45;65
32;14;49
31;51;29
30;2;86
29;18;98
28;96;27
27;78;97
26;11;89
25;7;4
24;40;43
23;53;65
22;61;27
21;89;67
20;96;57
19;90;37
18;59;22
17;79;46
16;12;98
15;48;97
14;57;25
13;29;21
12;52;36
11;98;55
10;83;99
9;13;69
8;93;24
7;55;72
6;16;38
5;50;32
4;6;58
3;96;4
2;2;48
1;30;21
