500;187;31
499;346;64
498;176;91
497;400;18
496;392;30
495;316;57
494;361;63
493;22;96
492;480;35
491;376;67
490;357;100
489;81;58
488;419;62
487;268;84
486;245;94
485;43;48
484;194;83
483;184;38
482;194;76
481;166;48
480;411;86
479;487;24
478;448;97
477;212;62
476;369;4
475;51;5
474;336;22
473;431;25
472;8;5
471;143;73
470;421;90
469;447;81
468;169;20
467;185;93
466;384;67
465;176;24
464;43;22
463;255;10
462;356;56
461;26;83
460;96;29
459;70;85
458;314;76
457;381;68
456;47;78
455;494;42
454;279;83
453;64;99
452;66;12
451;38;35
450;437;87
449;6;87
448;80;36
447;85;72
446;48;26
445;379;96
444;128;92
443;341;41
442;149;41
441;278;70
440;291;37
439;34;66
438;154;82
437;7;13
436;253;1
435;99;26
434;190;99
433;320;100
432;152;90
431;354;43
430;161;50
429;469;61
428;218;68
427;279;55
426;296;27
425;381;65
424;49;77
423;361;69
422;490;91
421;401;43
420;307;51
419;474;85
418;189;88
417;260;30
416;63;77
415;227;17
414;175;96
413;176;23
412;178;18
411;37;70
410;420;67
409;428;75
408;445;30
407;196;75
406;229;27
405;433;2
404;186;94
403;41;79
402;116;25
401;98;73
400;329;94
399;86;78
398;14;61
397;343;75
396;459;17
395;326;34
394;255;79
393;424;75
392;379;37
391;362;96
390;366;29
389;54;95
388;23;23
387;228;85
386;132;21
385;305;5
384;293;86
383;144;33
382;275;57
381;444;90
380;394;30
379;461;56
378;334;30
377;89;41
376;9;41
375;348;44
374;361;39
373;349;31
372;60;95
371;266;12
370;494;67
369;148;68
368;456;55
367;41;0
366;90;43
365;415;20
364;64;60
363;251;97
362;18;26
361;173;23
360;480;31
359;470;75
358;133;77
357;233;6
356;296;93
355;387;88
354;154;30
353;153;4
352;248;96
351;456;50
350;352;90
349;489;98
348;117;3
347;299;18
346;32;47
345;426;89
344;13;9
343;184;87
342;316;27
341;442;34
340;288;59
339;92;68
338;113;92
337;224;29
336;301;32
335;65;16
334;497;71
333;235;65
332;38;33
331;173;50
330;331;10
329;445;11
328;430;11
327;374;100
326;379;70
325;218;79
324;6;75
323;481;60
322;222;0
321;352;5
320;31;12
319;76;2
318;37;32
317;125;10
316;368;37
315;34;96
314;301;30
313;420;94
312;30;53
311;423;97
310;30;92
309;127;54
308;188;64
307;30;27
306;281;7
305;219;47
304;424;2
303;305;81
302;296;5
301;177;90
300;123;42
299;170;69
298;64;7
297;17;21
296;35;46
295;106;2
294;480;8
293;244;29
292;364;6
291;12;38
290;159;85
289;325;22
288;262;44
287;303;95
286;44;55
285;492;89
284;225;82
283;279;0
282;227;44
281;173;97
280;46;11
279;459;66
278;298;30
277;289;94
276;25;51
275;251;68
274;446;37
273;110;3
272;33;68
271;426;78
270;400;73
269;425;56
268;311;59
267;11;58
266;18;63
265;330;29
264;150;5
263;371;16
262;340;45
261;5;83
260;206;35
259;394;44
258;180;95
257;471;83
256;340;84
255;10;20
254;321;70
253;461;86
252;426;32
251;252;6
250;47;97
249;276;99
248;483;80
247;37;55
246;399;32
245;397;70
244;138;0
243;101;22
242;249;30
241;441;16
240;331;28
239;419;72
238;375;90
237;114;69
236;449;86
235;47;65
234;12;83
233;207;54
232;75;73
231;116;15
230;494;21
229;161;86
228;76;87
227;18;32
226;273;26
225;495;7
224;3;59
223;460;37
222;126;100
221;204;34
220;414;3
219;382;41
218;300;86
217;250;13
216;95;89
215;136;80
214;154;28
213;382;78
212;429;98
211;431;93
210;335;36
209;486;83
208;272;32
207;465;97
206;220;1
205;353;2
204;355;18
203;39;29
202;446;89
201;66;3
