100;37;61
99;48;58
98;11;83
97;48;38
96;58;85
95;96;58
94;10;32
93;64;81
92;96;74
91;2;16
90;74;30
89;15;84
88;31;1
87;49;15
86;30;40
85;92;95
84;50;47
83;35;34
82;51;74
81;71;32
80;91;83
79;44;3
78;85;23
77;34;98
76;39;33
75;46;2
74;55;77
73;35;31
72;62;89
71;52;73
70;39;87
69;35;6
68;74;80
67;58;60
66;49;22
65;57;30
64;15;28
63;95;50
62;48;44
61;11;22
60;29;51
59;29;66
58;53;43
57;81;25
56;37;81
55;94;9
54;64;53
53;74;74
52;61;57
51;48;60
50;9;53
49;95;68
48;24;36
47;16;88
46;51;65
45;11;44
44;68;79
43;29;41
42;13;79
41;2;3
40;30;44
39;7;73
38;79;40
37;67;85
36;53;81
35;67;67
34;94;53
33;8;98
32;56;63
31;90;39
30;34;50
29;46;39
28;66;50
27;98;62
26;40;24
25;3;8
24;53;62
23;61;21
22;36;87
21;19;83
20;93;59
19;75;43
18;96;26
17;91;40
16;60;40
15;37;84
14;65;97
13;91;52
12;16;92
11;65;41
10;11;44
9;39;20
8;63;37
7;41;40
6;40;70
5;89;40
4;15;100
3;39;45
2;68;19
1;19;61
100;64;54
99;17;9
98;43;28
97;86;34
96;94;48
95;73;48
94;78;78
93;13;67
92;23;98
91;55;9
90;85;52
89;96;62
88;75;73
87;26;61
86;31;20
85;57;13
84;60;75
83;32;86
82;43;41
81;12;6
80;81;66
79;28;90
78;24;70
77;51;4
76;96;9
75;2;19
74;64;54
73;10;96
72;13;96
71;20;79
70;24;44
69;40;30
68;33;3
67;31;10
66;33;14
65;44;59
64;51;71
63;40;57
62;58;10
61;37;34
60;43;82
59;31;93
58;59;97
57;39;84
56;75;9
55;29;77
54;24;63
53;18;33
52;36;41
51;97;88
50;8;82
49;39;3
48;89;46
47;9;24
46;88;73
45;4;76
44;15;16
43;80;1
42;21;43
41;55;83
40;51;5
39;37;61
38;20;50
37;17;44
36;52;71
35;6;97
34;3;16
33;95;66
32;1;48
31;84;93
30;38;68
29;87;51
28;15;54
27;53;63
26;57;16
25;32;3
24;42;94
23;26;57
22;87;65
21;52;93
20;6;61
19;27;5
18;49;51
17;0;4
16;75;33
15;81;76
14;89;8
13;16;39
12;16;78
11;67;87
10;78;89
9;22;86
8;66;27
7;81;57
6;66;44
5;9;68
4;97;9
3;80;69
2;23;52
1;90;44
100;7;91
99;2;22
98;40;23
97;55;34
96;71;99
95;47;25
94;9;42
93;40;85
92;55;8
91;82;16
90;2;63
89;26;36
88;61;37
87;15;48
86;53;91
85;48;78
84;59;54
83;56;24
82;15;20
81;52;37
80;4;18
79;21;71
78;59;59
77;9;15
76;31;19
75;39;43
74;63;17
73;54;20
72;94;41
71;39;19
70;15;38
69;66;47
68;31;29
67;85;46
66;16;25
65;8;17
64;4;12
63;49;13
62;63;19
61;30;6
60;43;37
59;82;91
58;44;71
57;79;63
56;33;53
55;6;31
54;15;54
53;44;3
52;54;100
51;22;20
50;28;64
49;10;74
48;23;96
47;58;31
46;35;36
45;9;97
44;27;53
43;97;2
42;58;49
41;23;88
40;70;18
39;79;29
38;2;13
37;74;17
36;58;30
35;90;93
34;38;89
33;71;4
32;33;18
31;79;96
30;13;33
29;30;1
28;18;27
27;59;86
26;42;44
25;44;21
24;50;49
23;62;11
22;33;23
21;35;74
20;69;37
19;10;92
18;7;79
17;63;91
16;72;46
15;13;100
14;53;22
13;64;96
12;1;34
11;96;99
10;19;92
9;65;61
8;77;21
7;93;95
6;52;54
5;24;73
4;61;80
3;41;30
2;18;95
1;94;18
100;77;37
99;49;15
98;34;28
97;1;34
96;98;39
95;10;90
94;56;85
93;64;1
92;37;100
91;34;86
90;67;55
89;90;11
88;0;23
87;93;82
86;37;19
85;59;42
84;57;21
83;84;97
82;78;11
81;13;45
80;24;71
79;42;95
78;2;82
77;79;99
76;76;83
75;37;55
74;53;62
73;85;66
72;18;41
71;28;97
70;3;1
69;84;86
68;7;100
67;30;92
66;30;48
65;74;2
64;10;12
63;48;30
62;15;62
61;3;65
60;8;9
59;90;42
58;42;14
57;16;50
56;84;60
55;15;91
54;64;86
53;20;91
52;12;86
51;62;26
50;8;80
49;62;50
48;15;91
47;53;49
46;63;92
45;34;81
44;57;87
43;43;66
42;58;61
41;18;69
40;10;83
39;7;22
38;89;63
37;68;21
36;12;10
35;20;44
34;51;69
33;23;7
32;54;33
31;79;28
30;40;18
29;4;92
28;78;45
27;10;81
26;74;42
25;94;54
24;71;34
23;32;99
22;20;74
21;93;57
20;82;15
19;84;40
18;45;53
17;57;64
16;91;55
15;49;46
14;52;69
13;4;45
12;96;29
11;54;67
10;36;57
9;72;65
8;92;40
7;22;83
6;35;66
5;8;81
4;47;13
3;77;3
2;72;57
1;39;79
100;0;45
99;38;91
98;82;10
97;39;17
96;17;57
95;77;29
94;64;35
93;94;96
92;79;89
91;5;100
90;38;14
89;6;83
88;31;62
87;30;36
86;30;56
85;8;32
84;97;94
83;62;22
82;14;95
81;82;24
80;46;92
79;97;5
78;28;62
77;6;46
76;56;71
75;91;28
74;97;52
73;5;19
72;72;71
71;1;83
70;80;34
69;3;35
68;91;42
67;28;83
66;93;99
65;8;63
64;76;51
63;86;66
62;38;14
61;20;93
60;88;57
59;61;23
58;68;44
57;96;29
56;5;11
55;60;25
54;13;6
53;67;26
52;26;55
51;95;79
50;67;54
49;63;66
48;52;57
47;43;33
46;87;52
45;74;99
44;83;88
43;46;19
42;43;54
41;3;83
40;94;96
39;97;30
38;4;13
37;55;14
36;70;22
35;68;28
34;18;40
33;87;58
32;16;61
31;84;46
30;87;94
29;54;58
28;86;28
27;20;16
26;53;31
25;90;30
24;40;94
23;88;82
22;87;94
21;95;5
20;85;75
19;31;85
18;92;1
17;90;7
16;24;6
15;66;55
14;20;95
13;51;76
12;54;62
11;27;61
10;28;98
9;11;94
8;10;24
7;49;77
6;8;61
5;19;68
4;79;28
3;49;5
2;9;84
1;26;50
100;94;14
99;61;12
98;49;57
97;92;95
96;41;47
95;60;55
94;87;20
93;67;26
92;75;20
91;52;72
90;51;22
89;10;6
88;92;35
87;81;97
86;64;13
85;28;14
84;50;86
83;35;98
82;9;92
81;46;75
80;77;91
79;31;5
78;55;37
77;78;77
76;86;88
75;70;55
74;25;92
73;84;17
72;64;26
71;51;45
70;48;38
69;0;59
68;54;19
67;88;6
66;51;54
65;90;24
64;80;28
63;70;88
62;95;13
61;62;68
60;61;53
59;89;97
58;36;51
57;35;13
56;80;89
55;7;50
54;12;82
53;9;42
52;52;94
51;7;56
50;59;6
49;97;81
48;26;60
47;85;99
46;41;88
45;50;36
44;4;9
43;58;95
42;66;71
41;13;60
40;59;40
39;5;91
38;39;86
37;3;32
36;25;61
35;87;7
34;94;72
33;47;0
32;80;31
31;9;25
30;94;56
29;2;44
28;93;47
27;50;98
26;70;5
25;44;2
24;55;35
23;57;62
22;30;26
21;70;44
20;42;30
19;61;37
18;50;80
17;28;84
16;72;51
15;89;43
14;38;94
13;19;19
12;92;69
11;66;0
10;84;90
9;39;77
8;74;60
7;20;75
6;58;92
5;70;88
4;1;68
3;48;2
2;80;93
1;46;26
