100;26;93
99;31;60
98;12;95
97;14;44
96;22;42
95;83;17
94;71;99
93;67;18
92;83;48
91;5;59
90;69;40
89;84;29
88;19;28
87;88;71
86;75;86
85;85;8
84;48;92
83;26;89
82;67;42
81;68;96
80;94;74
79;26;22
78;78;3
77;63;22
76;43;92
75;1;12
74;6;15
73;23;55
72;63;51
71;30;76
70;1;2
69;13;85
68;36;15
67;26;14
66;56;30
65;41;7
64;31;17
63;80;51
62;63;76
61;65;27
60;52;87
59;94;18
58;73;19
57;2;70
56;30;29
55;60;38
54;13;51
53;58;48
52;17;8
51;3;47
50;83;48
49;13;83
48;44;34
47;57;16
46;32;40
45;74;40
44;80;20
43;24;19
42;1;84
41;85;88
40;72;53
39;33;52
38;39;8
37;6;41
36;98;24
35;76;31
34;4;6
33;65;53
32;89;68
31;7;24
30;98;84
29;51;50
28;21;16
27;4;63
26;80;71
25;66;24
24;44;80
23;97;1
22;6;6
21;17;2
20;4;14
19;25;72
18;29;27
17;79;24
16;18;19
15;17;60
14;15;55
13;31;29
12;41;51
11;42;27
10;50;47
9;93;39
8;62;41
7;59;6
6;8;86
5;58;55
4;86;62
3;49;23
2;36;10
1;53;16
100;96;57
99;12;97
98;28;57
97;86;98
96;76;47
95;27;39
94;28;92
93;44;48
92;34;7
91;87;14
90;8;29
89;82;84
88;97;4
87;56;39
86;88;2
85;60;39
84;92;39
83;54;51
82;55;79
81;37;10
80;75;35
79;82;10
78;71;72
77;65;56
76;2;51
75;61;37
74;30;33
73;82;65
72;86;78
71;68;33
70;6;35
69;45;99
68;94;66
67;88;0
66;10;96
65;75;67
64;31;75
63;49;38
62;48;30
61;53;51
60;51;69
59;82;52
58;39;27
57;3;28
56;29;69
55;31;49
54;50;63
53;90;64
52;56;24
51;77;56
50;57;27
49;50;95
48;91;81
47;18;20
46;36;4
45;74;98
44;35;47
43;68;93
42;13;84
41;93;32
40;80;99
39;27;84
38;22;84
37;48;87
36;49;57
35;80;48
34;48;81
33;10;88
32;28;26
31;66;49
30;21;64
29;14;97
28;13;80
27;15;79
26;2;5
25;67;16
24;21;5
23;1;71
22;20;74
21;80;18
20;51;97
19;56;86
18;92;70
17;66;28
16;18;46
15;43;15
14;47;29
13;26;96
12;31;38
11;48;74
10;11;27
9;16;37
8;10;39
7;22;89
6;65;86
5;94;98
4;61;71
3;4;69
2;0;18
1;93;86
100;93;74
99;96;99
98;76;61
97;68;63
96;25;6
95;12;17
94;98;63
93;58;84
92;32;3
91;92;64
90;61;16
89;45;72
88;83;53
87;76;16
86;68;60
85;94;54
84;8;52
83;75;25
82;60;95
81;59;9
80;48;52
79;13;58
78;74;51
77;31;70
76;71;67
75;76;48
74;16;38
73;49;98
72;25;85
71;18;46
70;85;82
69;70;28
68;85;37
67;28;56
66;27;11
65;8;59
64;22;75
63;88;25
62;80;45
61;94;68
60;52;18
59;27;4
58;97;89
57;39;58
56;15;5
55;5;10
54;54;86
53;36;31
52;27;49
51;33;34
50;80;25
49;80;82
48;34;30
47;53;58
46;60;36
45;34;35
44;84;38
43;4;52
42;64;89
41;91;8
40;59;17
39;54;93
38;74;17
37;80;27
36;4;78
35;73;40
34;32;33
33;85;40
32;6;77
31;26;67
30;47;81
29;51;26
28;29;57
27;64;41
26;15;15
25;53;27
24;37;86
23;91;90
22;2;93
21;21;80
20;80;22
19;63;26
18;49;84
17;50;53
16;26;32
15;68;35
14;27;88
13;9;20
12;48;39
11;73;44
10;16;9
9;62;83
8;85;38
7;79;89
6;9;92
5;71;65
4;48;92
3;25;63
2;22;81
1;8;12
100;85;88
99;60;16
98;67;67
97;97;56
96;23;18
95;82;97
94;71;55
93;94;74
92;55;26
91;59;26
90;13;88
89;69;34
88;1;81
87;89;29
86;69;32
85;77;78
84;45;70
83;24;34
82;83;73
81;53;49
80;33;26
79;50;10
78;72;0
77;43;37
76;56;65
75;62;69
74;46;74
73;22;9
72;72;50
71;73;34
70;9;49
69;38;66
68;87;43
67;34;58
66;73;83
65;85;63
64;28;97
63;32;57
62;40;22
61;66;10
60;6;83
59;27;20
58;9;82
57;42;6
56;56;2
55;75;74
54;79;62
53;70;85
52;29;16
51;21;26
50;22;63
49;41;86
48;29;48
47;6;97
46;19;71
45;0;75
44;13;7
43;41;93
42;43;15
41;39;20
40;56;74
39;73;37
38;39;29
37;89;83
36;11;0
35;8;10
34;74;60
33;84;83
32;57;84
31;87;31
30;92;23
29;27;84
28;7;67
27;53;86
26;2;77
25;37;57
24;27;56
23;68;78
22;55;73
21;65;59
20;22;57
19;31;34
18;21;34
17;96;20
16;61;34
15;52;19
14;29;65
13;87;46
12;55;76
11;45;79
10;62;35
9;81;48
8;3;32
7;25;24
6;86;19
5;45;57
4;0;69
3;94;12
2;37;78
1;26;57
100;19;63
99;52;17
98;64;49
97;49;62
96;19;5
95;3;3
94;41;75
93;96;63
92;66;75
91;4;74
90;10;4
89;79;9
88;77;42
87;46;70
86;97;96
85;73;42
84;18;8
83;22;21
82;56;0
81;59;64
80;2;53
79;7;7
78;98;16
77;77;80
76;23;9
75;25;96
74;28;95
73;71;4
72;28;78
71;34;86
70;25;96
69;32;1
68;26;86
67;37;95
66;20;64
65;97;9
64;42;8
63;36;77
62;62;27
61;71;34
60;62;63
59;76;55
58;2;62
57;49;75
56;62;56
55;2;95
54;5;84
53;74;17
52;33;87
51;43;64
50;11;16
49;19;19
48;71;49
47;44;52
46;23;39
45;18;25
44;78;31
43;84;61
42;48;59
41;58;86
40;12;7
39;8;64
38;22;61
37;31;11
36;62;23
35;43;85
34;66;50
33;64;24
32;70;37
31;55;73
30;74;56
29;53;35
28;16;55
27;40;59
26;63;74
25;95;10
24;18;98
23;44;32
22;64;26
21;52;12
20;22;58
19;1;99
18;54;94
17;50;34
16;92;66
15;52;6
14;59;57
13;82;48
12;17;3
11;7;65
10;50;91
9;38;62
8;36;64
7;72;64
6;65;77
5;85;86
4;91;36
3;92;50
2;20;37
1;37;2
100;3;87
99;52;20
98;70;64
97;42;21
96;46;30
95;71;24
94;31;58
93;0;57
92;25;33
91;46;81
90;66;81
89;54;60
88;49;96
87;31;66
86;51;91
85;92;67
84;60;32
83;9;40
82;70;36
81;71;19
80;37;4
79;67;80
78;32;61
77;0;66
76;13;47
75;3;75
74;71;27
73;49;75
72;40;33
71;23;4
70;49;84
69;11;68
68;88;83
67;73;14
66;78;68
65;14;24
64;82;88
63;69;26
62;45;62
61;46;33
60;22;82
59;9;93
58;72;17
57;15;54
56;14;65
55;93;53
54;63;61
53;51;19
52;45;39
51;29;56
50;60;54
49;83;86
48;66;5
47;34;2
46;56;9
45;36;4
44;70;36
43;44;67
42;93;90
41;70;47
40;42;23
39;75;28
38;39;26
37;45;75
36;51;79
35;60;19
34;36;6
33;70;92
32;20;40
31;47;35
30;40;43
29;1;76
28;29;9
27;36;48
26;72;68
25;9;92
24;28;89
23;31;9
22;22;56
21;22;27
20;59;67
19;94;28
18;86;92
17;82;33
16;22;16
15;19;10
14;98;94
13;75;36
12;80;53
11;12;10
10;45;18
9;75;38
8;2;86
7;98;58
6;71;18
5;19;69
4;46;60
3;24;97
2;18;5
1;24;6
100;19;22
99;90;31
98;25;5
97;81;44
96;32;38
95;65;50
94;63;16
93;56;1
92;79;93
91;32;65
90;80;83
89;32;78
88;40;16
87;61;22
86;63;100
85;12;82
84;53;31
83;38;74
82;52;47
81;59;44
80;71;80
79;76;66
78;9;84
77;58;90
76;91;86
75;88;89
74;45;40
73;77;43
72;68;0
71;91;61
70;44;45
69;2;11
68;41;39
67;15;50
66;96;46
65;61;11
64;8;22
63;86;61
62;23;85
61;24;27
60;52;36
59;95;11
58;77;30
57;62;93
56;81;14
55;51;62
54;23;21
53;9;67
52;40;69
51;69;67
50;75;9
49;4;19
48;63;90
47;29;53
46;76;79
45;1;100
44;0;37
43;70;42
42;67;43
41;84;15
40;90;58
39;61;31
38;23;10
37;8;83
36;10;41
35;69;97
34;12;85
33;86;69
32;76;6
31;55;63
30;73;7
29;21;98
28;29;50
27;17;97
26;33;48
25;22;35
24;40;93
23;50;7
22;3;70
21;46;58
20;18;27
19;43;12
18;80;9
17;79;93
16;56;24
15;80;9
14;28;68
13;31;56
12;1;73
11;89;66
10;68;12
9;53;43
8;89;26
7;60;98
6;95;2
5;33;76
4;47;5
3;97;65
2;33;34
1;91;88
100;55;95
99;16;17
98;22;98
97;0;44
96;87;18
95;31;97
94;25;97
93;0;41
92;49;11
91;86;60
90;41;51
89;77;49
88;52;98
87;96;50
86;67;62
85;74;44
84;5;98
83;66;12
82;38;3
81;91;26
80;71;83
79;82;72
78;0;33
77;0;82
76;57;79
75;70;64
74;20;86
73;75;77
72;14;91
71;82;87
70;85;12
69;74;4
68;11;47
67;98;39
66;62;58
65;38;25
64;6;92
63;52;19
62;75;57
61;26;42
60;80;85
59;60;16
58;96;4
57;2;95
56;35;8
55;90;45
54;1;15
53;58;40
52;90;100
51;84;32
50;51;48
49;24;69
48;96;30
47;6;28
46;67;19
45;37;95
44;36;60
43;72;76
42;51;79
41;13;65
40;71;21
39;92;28
38;18;15
37;25;34
36;17;84
35;96;18
34;52;36
33;54;69
32;33;47
31;53;69
30;49;88
29;65;44
28;73;80
27;21;42
26;79;92
25;31;21
24;63;61
23;28;11
22;38;66
21;62;3
20;9;49
19;10;42
18;23;78
17;42;59
16;28;95
15;96;81
14;54;76
13;88;64
12;96;36
11;22;62
10;93;1
9;36;29
8;42;12
7;85;2
6;96;88
5;76;66
4;91;48
3;19;5
2;56;72
1;67;47
100;18;34
99;79;32
98;14;91
97;27;61
96;79;4
95;85;13
94;50;80
93;51;75
92;84;99
91;53;33
90;75;80
89;93;11
88;73;63
87;35;4
86;70;69
85;0;88
84;51;40
83;98;73
82;6;83
81;89;94
80;53;22
79;20;54
78;88;38
77;11;42
76;67;49
75;49;96
74;70;55
73;71;47
72;14;54
71;15;14
70;77;60
69;46;70
68;41;74
67;88;70
66;78;87
65;77;49
64;78;79
63;76;78
62;73;20
61;9;65
60;22;87
59;41;10
58;69;64
57;42;3
56;65;77
55;48;84
54;30;34
53;26;68
52;71;9
51;39;26
50;25;36
49;55;71
48;61;9
47;45;86
46;55;24
45;65;37
44;84;75
43;32;72
42;69;2
41;9;52
40;17;90
39;0;79
38;43;20
37;61;39
36;24;12
35;0;69
34;13;35
33;1;49
32;87;87
31;22;93
30;35;29
29;94;19
28;73;12
27;42;99
26;26;45
25;18;4
24;46;87
23;24;15
22;67;69
21;67;25
20;43;100
19;65;41
18;21;100
17;4;22
16;37;65
15;82;31
14;92;48
13;10;72
12;34;39
11;42;96
10;65;57
9;24;48
8;30;56
7;10;84
6;11;30
5;37;89
4;59;70
3;64;54
2;32;61
1;12;93
100;7;96
99;15;24
98;4;95
97;53;33
96;81;15
95;63;80
94;75;74
93;45;53
92;29;97
91;26;12
90;39;98
89;70;45
88;11;43
87;85;81
86;95;28
85;71;61
84;90;61
83;78;92
82;50;42
81;85;95
80;40;24
79;80;79
78;93;68
77;24;0
76;61;5
75;8;35
74;60;68
73;11;78
72;52;55
71;53;2
70;32;99
69;54;35
68;1;38
67;26;78
66;21;48
65;11;100
64;48;23
63;19;83
62;17;40
61;43;9
60;65;69
59;18;94
58;43;32
57;68;39
56;51;96
55;81;45
54;45;3
53;65;50
52;18;49
51;95;39
50;70;5
49;8;51
48;72;65
47;36;49
46;97;67
45;39;16
44;22;12
43;18;1
42;23;42
41;51;59
40;0;67
39;39;48
38;10;80
37;7;83
36;31;54
35;24;46
34;47;16
33;54;23
32;16;47
31;57;27
30;19;23
29;19;88
28;74;4
27;31;54
26;18;22
25;78;37
24;95;16
23;84;13
22;17;39
21;87;47
20;44;85
19;59;94
18;70;77
17;47;45
16;52;70
15;69;87
14;28;83
13;14;76
12;69;56
11;15;4
10;63;71
9;81;74
8;43;8
7;66;62
6;55;21
5;45;90
4;48;96
3;4;29
2;74;11
1;93;82
100;30;53
99;41;60
98;3;13
97;57;64
96;25;61
95;29;31
94;41;71
93;98;76
92;7;3
91;43;47
90;64;92
89;91;76
88;27;36
87;58;44
86;7;86
85;9;1
84;69;12
83;22;81
82;78;20
81;36;28
80;53;47
79;79;50
78;71;89
77;61;71
76;3;64
75;65;61
74;97;5
73;28;73
72;8;60
71;45;91
70;35;9
69;44;50
68;5;22
67;3;95
66;97;38
65;6;49
64;67;31
63;69;36
62;75;67
61;74;69
60;86;57
59;66;53
58;54;37
57;17;83
56;9;26
55;62;92
54;75;0
53;45;38
52;67;60
51;74;96
50;6;73
49;32;63
48;61;94
47;73;81
46;27;97
45;36;31
44;74;79
43;98;23
42;20;12
41;27;38
40;65;64
39;61;56
38;5;33
37;79;2
36;46;87
35;29;11
34;72;17
33;6;26
32;69;36
31;46;57
30;93;46
29;73;67
28;37;18
27;42;93
26;21;92
25;26;82
24;21;68
23;78;72
22;29;19
21;75;45
20;71;6
19;87;24
18;94;88
17;2;74
16;4;33
15;45;14
14;37;25
13;37;3
12;76;99
11;28;36
10;60;72
9;92;100
8;10;97
7;82;24
6;63;85
5;83;29
4;4;68
3;18;72
2;45;57
1;22;76
100;55;0
99;43;4
98;14;9
97;7;25
96;75;38
95;12;37
94;39;57
93;20;4
92;12;71
91;94;36
90;70;66
89;72;8
88;9;5
87;75;19
86;53;38
85;4;77
84;80;65
83;27;81
82;52;52
81;28;35
80;64;89
79;64;85
78;95;9
77;15;1
76;7;36
75;0;83
74;62;9
73;50;35
72;90;68
71;51;59
70;52;95
69;52;95
68;46;50
67;60;14
66;6;32
65;41;99
64;43;27
63;67;46
62;64;7
61;51;61
60;53;87
59;44;52
58;20;30
57;98;42
56;89;72
55;7;44
54;83;22
53;31;48
52;65;76
51;78;75
50;31;80
49;97;15
48;1;85
47;85;16
46;85;25
45;7;32
44;45;19
43;50;86
42;44;3
41;16;81
40;77;21
39;0;27
38;36;47
37;29;92
36;92;9
35;85;40
34;61;8
33;73;72
32;17;98
31;79;47
30;37;2
29;89;17
28;79;48
27;27;18
26;22;94
25;13;27
24;52;24
23;80;5
22;17;26
21;67;68
20;60;5
19;80;30
18;12;80
17;30;97
16;80;28
15;85;66
14;15;41
13;15;36
12;13;62
11;59;46
10;43;70
9;76;3
8;85;84
7;61;95
6;7;99
5;19;80
4;81;78
3;29;22
2;72;4
1;33;41
100;25;90
99;22;70
98;0;59
97;77;39
96;13;12
95;67;75
94;96;57
93;48;73
92;79;27
91;57;49
90;32;4
89;74;36
88;74;7
87;61;67
86;66;55
85;80;48
84;19;3
83;47;60
82;62;59
81;61;57
80;8;57
79;80;54
78;75;63
77;59;71
76;98;1
75;51;68
74;50;66
73;29;1
72;93;65
71;13;41
70;8;8
69;63;52
68;82;24
67;71;68
66;4;15
65;8;0
64;48;79
63;32;39
62;1;56
61;1;24
60;61;30
59;31;100
58;49;15
57;67;24
56;85;47
55;53;64
54;29;100
53;68;44
52;22;33
51;75;68
50;42;78
49;81;96
48;46;24
47;0;93
46;73;25
45;65;89
44;19;18
43;61;9
42;44;40
41;81;0
40;8;26
39;43;78
38;16;38
37;16;92
36;31;57
35;14;16
34;94;9
33;5;39
32;21;2
31;10;35
30;41;23
29;55;63
28;63;70
27;74;63
26;6;85
25;8;99
24;50;21
23;83;42
22;82;19
21;6;37
20;12;12
19;61;6
18;37;100
17;67;27
16;57;18
15;4;3
14;25;21
13;59;29
12;53;24
11;26;79
10;11;54
9;76;63
8;48;66
7;94;15
6;18;17
5;21;58
4;19;33
3;45;70
2;69;76
1;4;24
100;4;84
99;61;90
98;39;99
97;47;79
96;18;30
95;38;49
94;97;9
93;70;83
92;8;50
91;51;52
90;60;50
89;37;42
88;21;100
87;1;88
86;77;38
85;81;86
84;55;60
83;65;0
82;29;79
81;86;29
80;96;12
79;55;29
78;75;80
77;70;47
76;94;5
75;53;26
74;50;60
73;22;81
72;0;73
71;19;95
70;56;90
69;92;3
68;45;88
67;28;67
66;83;68
65;10;93
64;36;54
63;81;33
62;12;63
61;75;14
60;26;7
59;57;32
58;75;6
57;28;58
56;95;24
55;75;25
54;29;89
53;26;71
52;24;55
51;41;72
50;63;77
49;14;41
48;98;98
47;90;54
46;87;15
45;67;20
44;37;70
43;16;12
42;84;69
41;5;5
40;77;95
39;94;44
38;87;12
37;62;56
36;88;80
35;45;91
34;95;86
33;90;9
32;17;1
31;56;12
30;98;96
29;39;85
28;93;15
27;63;73
26;92;98
25;94;30
24;18;46
23;41;3
22;65;41
21;33;93
20;33;34
19;55;37
18;52;21
17;25;26
16;37;43
15;91;50
14;70;10
13;71;85
12;75;19
11;30;93
10;10;75
9;32;57
8;94;32
7;94;92
6;28;82
5;38;23
4;42;47
3;50;3
2;88;35
1;95;72
100;57;3
99;67;32
98;1;70
97;21;58
96;39;1
95;45;32
94;34;56
93;66;100
92;82;2
91;41;86
90;37;90
89;16;86
88;32;51
87;55;30
86;88;25
85;75;98
84;84;66
83;89;77
82;9;74
81;47;65
80;17;9
79;80;32
78;52;3
77;8;6
76;97;40
75;43;31
74;20;79
73;88;19
72;41;67
71;94;80
70;32;34
69;76;9
68;82;34
67;55;50
66;88;41
65;43;74
64;39;40
63;5;9
62;95;73
61;66;70
60;68;57
59;39;42
58;60;37
57;1;72
56;74;58
55;63;0
54;54;37
53;49;2
52;87;11
51;93;93
50;65;95
49;60;63
48;34;70
47;21;44
46;47;83
45;57;53
44;23;90
43;3;80
42;67;25
41;51;60
40;41;29
39;57;67
38;2;40
37;43;86
36;50;69
35;62;45
34;71;55
33;89;89
32;82;11
31;75;93
30;65;69
29;50;59
28;63;35
27;77;63
26;13;44
25;61;5
24;4;55
23;7;36
22;36;94
21;54;60
20;67;79
19;69;43
18;14;14
17;45;9
16;32;66
15;42;89
14;89;55
13;58;85
12;35;95
11;63;92
10;77;36
9;59;91
8;74;67
7;9;53
6;6;28
5;69;72
4;93;15
3;7;35
2;20;15
1;38;68
