100;72;45
99;80;19
98;89;57
97;98;12
96;54;75
95;11;25
94;75;39
93;16;49
92;72;55
91;79;35
90;54;7
89;24;5
88;44;97
87;47;83
86;29;30
85;17;46
84;64;47
83;59;25
82;84;9
81;64;1
80;54;31
79;69;99
78;29;67
77;5;35
76;77;92
75;35;19
74;38;50
73;43;95
72;47;96
71;10;59
70;72;96
69;56;45
68;40;69
67;13;87
66;51;22
65;41;39
64;72;12
63;8;5
62;87;42
61;42;65
60;61;15
59;72;8
58;15;60
57;90;15
56;25;43
55;76;26
54;75;13
53;82;20
52;22;30
51;73;77
50;60;42
49;97;87
48;41;45
47;90;11
46;2;99
45;5;39
44;47;39
43;79;73
42;59;83
41;80;4
40;62;92
39;96;32
38;95;74
37;98;26
36;53;15
35;97;91
34;79;68
33;36;20
32;41;39
31;19;57
30;37;79
29;15;80
28;47;45
27;40;23
26;50;91
25;14;29
24;56;65
23;83;71
22;40;77
21;45;44
20;41;64
19;55;54
18;25;33
17;14;75
16;39;24
15;54;55
14;35;1
13;77;83
12;80;34
11;18;97
10;46;27
9;27;79
8;18;100
7;44;65
6;76;11
5;51;40
4;74;2
3;20;39
2;8;64
1;65;28
100;94;65
99;37;52
98;43;43
97;31;50
96;54;97
95;93;52
94;68;12
93;96;68
92;15;7
91;47;0
90;69;100
89;84;41
88;48;47
87;88;59
86;60;97
85;82;74
84;21;47
83;76;44
82;49;73
81;71;26
80;40;71
79;71;59
78;51;76
77;57;86
76;77;35
75;22;25
74;21;41
73;63;15
72;69;18
71;22;80
70;27;68
69;11;34
68;45;39
67;58;31
66;26;61
65;13;97
64;67;95
63;63;6
62;91;55
61;10;72
60;75;94
59;6;15
58;49;82
57;15;100
56;96;90
55;90;74
54;16;33
53;25;20
52;52;26
51;91;57
50;87;79
49;32;55
48;73;6
47;4;60
46;94;58
45;37;9
44;16;25
43;51;58
42;24;87
41;42;52
40;50;18
39;80;86
38;94;14
37;88;15
36;47;97
35;84;32
34;98;100
33;45;37
32;10;60
31;14;45
30;94;91
29;86;83
28;21;56
27;74;17
26;81;90
25;46;28
24;51;67
23;16;69
22;47;13
21;43;29
20;9;30
19;69;20
18;73;22
17;19;17
16;61;87
15;16;87
14;60;26
13;81;5
12;70;18
11;7;97
10;64;77
9;16;47
8;30;74
7;88;58
6;68;57
5;62;38
4;58;38
3;72;15
2;95;14
1;83;56
100;13;97
99;47;86
98;6;14
97;21;94
96;30;15
95;76;92
94;2;41
93;88;39
92;86;74
91;75;79
90;85;51
89;33;80
88;11;69
87;33;24
86;97;56
85;38;81
84;43;77
83;62;84
82;35;94
81;68;58
80;15;22
79;49;90
78;86;86
77;48;49
76;16;46
75;55;12
74;86;12
73;71;6
72;62;23
71;16;83
70;95;86
69;0;84
68;27;37
67;63;86
66;67;52
65;96;97
64;62;28
63;86;75
62;24;5
61;12;98
60;28;4
59;52;82
58;78;61
57;49;87
56;61;42
55;1;49
54;16;80
53;64;28
52;11;94
51;96;66
50;44;86
49;66;2
48;60;12
47;98;68
46;68;44
45;92;93
44;46;39
43;11;15
42;32;44
41;13;13
40;32;20
39;26;29
38;86;43
37;9;6
36;78;57
35;89;65
34;84;32
33;22;17
32;25;83
31;8;60
30;74;51
29;71;82
28;0;52
27;10;97
26;42;69
25;67;27
24;19;13
23;65;75
22;73;3
21;50;19
20;65;76
19;10;73
18;32;29
17;63;71
16;22;83
15;78;58
14;48;28
13;2;72
12;34;59
11;80;64
10;79;34
9;81;41
8;56;85
7;57;34
6;67;78
5;24;22
4;2;51
3;59;12
2;2;71
1;5;83
100;41;55
99;92;87
98;70;42
97;27;35
96;76;1
95;83;45
94;6;35
93;95;89
92;88;0
91;18;5
90;21;30
89;83;21
88;85;14
87;7;63
86;68;38
85;57;69
84;95;32
83;10;6
82;96;30
81;70;26
80;95;72
79;60;83
78;96;87
77;27;49
76;37;47
75;10;23
74;29;8
73;85;14
72;6;86
71;52;3
70;48;50
69;70;67
68;69;59
67;13;66
66;25;65
65;37;16
64;10;84
63;30;36
62;21;56
61;97;38
60;95;14
59;76;60
58;85;6
57;86;95
56;43;26
55;23;47
54;12;69
53;91;91
52;57;28
51;48;19
50;86;69
49;90;15
48;31;56
47;76;100
46;48;38
45;82;97
44;19;23
43;6;5
42;92;19
41;64;93
40;55;43
39;82;80
38;2;41
37;24;56
36;73;45
35;21;70
34;82;71
33;38;7
32;82;49
31;35;95
30;42;92
29;93;80
28;49;15
27;7;36
26;75;79
25;50;66
24;68;84
23;66;0
22;27;7
21;0;34
20;41;94
19;10;23
18;49;74
17;62;83
16;26;0
15;15;43
14;85;64
13;54;58
12;52;48
11;40;18
10;93;25
9;69;18
8;51;26
7;72;98
6;92;4
5;93;37
4;43;13
3;42;12
2;46;2
1;49;9
