400;123;9
399;271;89
398;377;30
397;107;65
396;325;57
395;34;63
394;149;74
393;256;95
392;357;9
391;247;61
390;269;4
389;360;56
388;193;83
387;272;47
386;373;78
385;64;88
384;270;52
383;335;98
382;290;19
381;6;89
380;25;21
379;309;46
378;202;50
377;218;80
376;47;70
375;154;30
374;135;12
373;38;100
372;234;87
371;200;59
370;193;39
369;143;38
368;70;12
367;141;95
366;281;43
365;326;95
364;312;98
363;251;19
362;335;11
361;342;49
360;1;30
359;339;76
358;120;12
357;384;19
356;248;23
355;328;57
354;384;30
353;319;96
352;36;5
351;85;90
350;382;44
349;171;90
348;54;5
347;108;38
346;79;51
345;322;6
344;336;78
343;226;43
342;393;58
341;347;46
340;197;5
339;318;13
338;353;46
337;295;13
336;366;80
335;310;7
334;376;88
333;6;57
332;122;15
331;170;83
330;378;9
329;311;49
328;196;18
327;107;66
326;10;30
325;303;25
324;179;11
323;23;25
322;245;4
321;383;64
320;251;88
319;198;42
318;360;75
317;103;44
316;388;49
315;49;84
314;335;1
313;105;28
312;117;58
311;312;49
310;135;51
309;220;23
308;59;38
307;304;35
306;2;90
305;325;82
304;321;20
303;331;27
302;23;74
301;171;69
300;105;78
299;385;85
298;141;23
297;56;48
296;299;91
295;350;4
294;50;99
293;327;65
292;373;72
291;123;52
290;140;41
289;149;59
288;139;4
287;145;95
286;122;26
285;340;87
284;375;71
283;205;45
282;293;70
281;20;94
280;354;36
279;100;91
278;232;53
277;305;3
276;75;25
275;230;20
274;106;74
273;314;13
272;238;22
271;60;46
270;100;11
269;325;65
268;382;100
267;83;50
266;76;33
265;357;79
264;327;37
263;232;31
262;17;70
261;312;61
260;107;20
259;56;17
258;153;80
257;115;33
256;329;74
255;211;10
254;191;70
253;158;13
252;99;13
251;331;84
250;153;61
249;27;11
248;35;73
247;304;41
246;308;63
245;45;22
244;377;100
243;282;56
242;175;27
241;146;5
240;205;50
239;38;93
238;397;0
237;91;88
236;380;90
235;54;26
234;17;62
233;74;55
232;244;47
231;81;52
230;161;14
229;174;74
228;76;39
227;96;68
226;382;15
225;325;75
224;206;17
223;25;34
222;74;100
221;369;27
220;54;100
219;279;68
218;353;49
217;187;83
216;130;79
215;260;23
214;144;94
213;264;98
212;316;92
211;30;87
210;123;66
209;123;62
208;83;94
207;154;17
206;72;14
205;115;47
204;28;58
203;116;31
202;267;100
201;48;16
200;336;13
199;152;51
198;287;70
197;0;58
196;308;67
195;338;20
194;123;31
193;172;20
192;13;100
191;77;16
190;126;82
189;235;12
188;87;99
187;92;57
186;84;24
185;227;4
184;101;45
183;189;51
182;268;0
181;88;23
180;126;79
179;90;88
178;182;52
177;256;65
176;366;27
175;370;83
174;131;82
173;176;85
172;116;32
171;265;36
170;68;51
169;143;15
168;380;92
167;167;83
166;265;27
165;286;37
164;116;84
163;367;60
162;108;58
161;69;42
160;386;88
159;0;19
158;283;59
157;398;38
156;304;12
155;394;46
154;357;43
153;248;2
152;360;31
151;377;17
150;125;35
149;26;11
148;113;72
147;209;43
146;267;13
145;341;66
144;315;34
143;154;58
142;173;61
141;136;26
140;164;76
139;159;86
138;227;93
137;254;38
136;78;41
135;37;78
134;246;42
133;19;20
132;176;74
131;81;60
130;325;78
129;239;27
128;396;89
127;213;27
126;51;80
125;385;52
124;247;46
123;322;21
122;0;10
121;221;52
120;232;6
119;360;94
118;387;36
117;38;72
116;122;16
115;145;34
114;273;98
113;195;54
112;137;6
111;269;76
110;151;36
109;358;94
108;75;4
107;59;27
106;230;17
105;322;10
104;222;45
103;383;95
102;23;10
101;196;0
