600;505;92
599;406;20
598;448;70
597;540;26
596;153;10
595;173;54
594;300;35
593;170;30
592;223;34
591;575;45
590;360;87
589;285;52
588;518;15
587;341;0
586;557;24
585;576;96
584;152;16
583;490;51
582;254;45
581;492;32
580;367;81
579;187;17
578;322;27
577;22;97
576;404;62
575;461;96
574;347;47
573;336;26
572;87;100
571;147;95
570;507;87
569;330;27
568;153;16
567;65;80
566;497;36
565;389;64
564;314;19
563;390;23
562;84;48
561;108;46
560;366;70
559;570;53
558;593;9
557;369;46
556;336;89
555;540;64
554;279;80
553;129;16
552;324;37
551;213;81
550;59;82
549;333;70
548;125;72
547;226;44
546;587;73
545;552;69
544;169;23
543;107;89
542;169;41
541;109;11
540;201;89
539;241;49
538;588;38
537;485;15
536;324;77
535;113;76
534;439;80
533;497;12
532;445;3
531;167;15
530;202;57
529;541;83
528;497;43
527;389;74
526;141;75
525;528;1
524;462;6
523;503;48
522;409;11
521;447;66
520;437;91
519;415;86
518;107;39
517;512;5
516;480;36
515;279;92
514;366;0
513;128;94
512;400;50
511;132;59
510;329;27
509;433;88
508;399;25
507;551;21
506;263;22
505;193;61
504;365;69
503;408;93
502;321;25
501;566;67
500;512;17
499;281;4
498;395;61
497;523;14
496;302;92
495;271;8
494;54;0
493;262;39
492;29;57
491;261;6
490;149;25
489;13;18
488;274;91
487;417;84
486;503;70
485;254;60
484;258;30
483;234;88
482;62;38
481;542;36
480;523;68
479;89;41
478;87;64
477;129;100
476;459;8
475;47;31
474;535;82
473;289;43
472;253;19
471;273;53
470;114;71
469;513;97
468;73;59
467;374;73
466;246;37
465;253;11
464;38;87
463;9;5
462;538;71
461;204;13
460;222;26
459;175;42
458;10;86
457;528;48
456;152;91
455;204;81
454;202;100
453;77;61
452;246;49
451;38;91
450;511;90
449;269;41
448;348;68
447;533;64
446;440;49
445;492;16
444;419;12
443;185;34
442;191;61
441;197;16
440;570;70
439;72;13
438;389;0
437;564;67
436;281;45
435;35;57
434;156;57
433;455;63
432;40;64
431;27;48
430;585;46
429;108;5
428;289;62
427;575;32
426;430;68
425;348;2
424;570;70
423;307;1
422;481;94
421;318;40
420;333;0
419;182;28
418;1;9
417;580;39
416;177;91
415;542;27
414;284;72
413;135;0
412;526;92
411;415;86
410;371;82
409;587;32
408;331;29
407;444;48
406;569;23
405;222;81
404;187;34
403;0;4
402;30;69
401;506;38
400;128;16
399;490;98
398;391;92
397;591;28
396;159;34
395;350;43
394;560;87
393;277;33
392;124;9
391;371;90
390;471;74
389;224;34
388;227;7
387;509;24
386;534;53
385;463;86
384;34;2
383;189;32
382;406;16
381;393;66
380;112;67
379;536;51
378;388;52
377;379;94
376;542;84
375;152;41
374;277;51
373;477;16
372;120;66
371;414;6
370;240;6
369;387;47
368;362;77
367;137;13
366;140;31
365;446;52
364;4;12
363;13;52
362;65;43
361;61;51
360;16;14
359;35;40
358;474;87
357;340;37
356;92;76
355;30;42
354;130;35
353;47;25
352;536;96
351;436;14
350;413;33
349;9;72
348;439;23
347;14;52
346;449;69
345;41;45
344;422;91
343;37;43
342;82;25
341;427;79
340;593;31
339;587;22
338;330;27
337;290;6
336;0;88
335;454;26
334;389;1
333;38;52
332;193;53
331;389;67
330;558;71
329;268;96
328;492;71
327;473;53
326;445;14
325;305;85
324;84;100
323;245;12
322;546;28
321;200;62
320;167;31
319;299;80
318;315;63
317;71;34
316;21;50
315;25;91
314;204;72
313;471;16
312;173;10
311;302;78
310;21;19
309;548;68
308;43;41
307;536;84
306;109;68
305;14;41
304;307;74
303;155;77
302;183;95
301;125;95
