100;11;28
99;66;4
98;67;58
97;98;33
96;71;97
95;23;49
94;64;20
93;56;5
92;45;13
91;48;55
90;9;93
89;86;67
88;16;47
87;46;82
86;48;15
85;31;18
84;29;63
83;9;88
82;97;81
81;29;33
80;64;13
79;59;41
78;54;53
77;20;13
76;35;28
75;35;33
74;37;23
73;19;74
72;88;38
71;85;45
70;32;32
69;7;82
68;52;23
67;19;97
66;90;44
65;92;56
64;65;21
63;77;94
62;96;99
61;93;19
60;61;47
59;8;25
58;49;24
57;57;49
56;43;40
55;86;15
54;31;59
53;35;87
52;56;70
51;60;45
50;75;94
49;28;27
48;56;18
47;49;66
46;78;42
45;70;35
44;83;79
43;88;30
42;42;55
41;43;50
40;32;73
39;82;37
38;9;96
37;89;93
36;87;55
35;23;80
34;84;16
33;43;100
32;24;89
31;60;5
30;54;70
29;74;15
28;4;42
27;56;21
26;64;68
25;66;24
24;74;82
23;66;58
22;24;24
21;43;30
20;53;3
19;51;80
18;19;93
17;31;56
16;3;29
15;8;84
14;95;26
13;67;56
12;87;39
11;53;53
10;84;91
9;68;47
8;89;45
7;58;60
6;34;26
5;43;19
4;79;54
3;98;20
2;80;33
1;13;64
100;51;58
99;71;88
98;32;68
97;9;14
96;40;47
95;79;85
94;32;94
93;88;95
92;46;62
91;54;27
90;47;40
89;61;41
88;80;72
87;45;92
86;25;32
85;1;19
84;24;33
83;97;85
82;68;40
81;52;16
80;52;37
79;0;11
78;16;73
77;26;70
76;51;40
75;91;42
74;56;86
73;73;79
72;13;42
71;93;12
70;39;73
69;37;20
68;93;72
67;26;25
66;66;98
65;20;1
64;67;39
63;18;17
62;34;2
61;42;19
60;10;79
59;16;59
58;60;23
57;80;27
56;37;67
55;52;77
54;36;60
53;36;98
52;18;93
51;82;99
50;40;97
49;13;81
48;77;48
47;37;49
46;81;36
45;91;31
44;65;58
43;57;7
42;58;34
41;89;21
40;45;15
39;76;99
38;42;97
37;33;9
36;88;9
35;69;49
34;29;56
33;94;16
32;74;57
31;24;91
30;88;62
29;9;18
28;95;11
27;54;19
26;70;19
25;5;42
24;53;58
23;6;47
22;11;67
21;82;18
20;39;63
19;83;19
18;73;5
17;19;4
16;97;57
15;16;67
14;74;2
13;50;91
12;13;95
11;55;36
10;74;48
9;46;79
8;93;47
7;61;1
6;95;38
5;87;79
4;1;50
3;35;53
2;64;62
1;22;51
100;60;32
99;78;25
98;69;10
97;4;25
96;72;17
95;76;28
94;45;79
93;19;41
92;59;89
91;53;97
90;53;58
89;89;4
88;72;43
87;72;61
86;15;20
85;50;4
84;49;80
83;61;74
82;47;7
81;50;16
80;37;46
79;27;71
78;86;14
77;86;45
76;27;30
75;98;36
74;89;62
73;92;17
72;34;95
71;4;68
70;54;38
69;56;23
68;81;46
67;47;78
66;47;37
65;25;12
64;95;62
63;51;11
62;37;95
61;13;76
60;51;77
59;73;41
58;45;63
57;69;3
56;70;79
55;22;36
54;19;95
53;15;71
52;72;50
51;25;24
50;85;53
49;83;65
48;14;85
47;71;26
46;23;22
45;26;33
44;17;6
43;45;7
42;13;100
41;16;9
40;75;11
39;11;39
38;72;64
37;67;3
36;16;86
35;49;73
34;85;82
33;55;22
32;66;28
31;15;46
30;81;78
29;54;89
28;54;66
27;5;28
26;41;95
25;52;80
24;34;35
23;50;67
22;80;60
21;40;43
20;36;6
19;83;42
18;69;65
17;5;73
16;84;3
15;20;79
14;38;38
13;94;57
12;34;74
11;53;70
10;88;88
9;68;1
8;83;83
7;15;24
6;97;27
5;2;34
4;78;61
3;30;0
2;68;55
1;35;23
