1000;19;46
999;519;23
998;551;71
997;870;75
996;339;82
995;47;58
994;568;85
993;546;71
992;704;86
991;902;77
990;374;37
989;795;100
988;989;88
987;453;40
986;748;93
985;833;24
984;743;44
983;352;52
982;213;5
981;544;73
980;104;61
979;426;96
978;383;42
977;460;3
976;42;9
975;822;35
974;90;47
973;615;17
972;868;89
971;692;10
970;606;92
969;657;80
968;175;27
967;869;87
966;922;52
965;573;7
964;981;51
963;799;69
962;80;66
961;440;18
960;506;27
959;595;79
958;932;42
957;776;5
956;245;20
955;561;28
954;708;74
953;395;44
952;636;5
951;428;63
950;33;33
949;812;12
948;442;73
947;43;31
946;375;43
945;18;98
944;773;76
943;944;93
942;870;22
941;378;63
940;974;84
939;9;52
938;911;63
937;18;75
936;503;81
935;265;59
934;379;97
933;978;90
932;672;89
931;532;16
930;808;54
929;634;89
928;455;20
927;0;92
926;125;19
925;129;66
924;225;84
923;709;1
922;192;65
921;474;63
920;745;35
919;940;66
918;615;58
917;642;93
916;601;18
915;90;17
914;185;13
913;139;98
912;630;6
911;618;48
910;422;56
909;851;10
908;339;0
907;805;79
906;409;66
905;87;6
904;609;28
903;342;47
902;762;15
901;668;43
900;936;21
899;48;3
898;648;58
897;695;63
896;105;3
895;410;85
894;901;63
893;275;73
892;684;58
891;441;69
890;786;29
889;840;93
888;190;95
887;229;71
886;725;47
885;99;77
884;643;34
883;676;19
882;135;47
881;388;82
880;693;30
879;889;36
878;783;30
877;664;75
876;452;44
875;957;80
874;642;72
873;427;37
872;343;20
871;644;12
870;807;37
869;324;42
868;390;42
867;204;6
866;546;84
865;853;89
864;587;81
863;891;31
862;505;91
861;947;63
860;52;55
859;899;11
858;212;58
857;61;16
856;930;35
855;794;29
854;108;17
853;22;97
852;349;29
851;121;20
850;769;48
849;542;63
848;796;89
847;616;62
846;849;70
845;112;27
844;300;55
843;949;84
842;842;86
841;737;30
840;971;46
839;936;36
838;746;27
837;386;29
836;698;44
835;320;96
834;1;55
833;819;21
832;846;15
831;10;99
830;245;96
829;939;39
828;906;87
827;558;13
826;412;47
825;554;21
824;955;40
823;317;100
822;663;59
821;1;92
820;404;54
819;405;29
818;688;14
817;521;29
816;590;71
815;736;80
814;870;29
813;901;46
812;600;44
811;330;92
810;124;76
809;879;20
808;925;63
807;255;54
806;934;79
805;501;18
804;178;50
803;776;17
802;312;56
801;990;93
800;630;93
799;872;82
798;353;4
797;204;85
796;948;2
795;31;38
794;821;78
793;832;56
792;211;44
791;881;39
790;705;97
789;715;86
788;113;4
787;112;74
786;891;67
785;637;93
784;367;19
783;545;65
782;54;68
781;584;84
780;941;96
779;632;44
778;767;28
777;884;88
776;495;63
775;206;18
774;616;33
773;762;3
772;816;85
771;149;82
770;15;13
769;864;96
768;140;84
767;488;36
766;970;65
765;694;18
764;452;2
763;253;76
762;706;12
761;573;49
760;63;80
759;413;82
758;815;49
757;996;85
756;416;72
755;484;25
754;977;51
753;346;56
752;814;67
751;583;9
750;969;5
749;901;4
748;73;31
747;448;9
746;403;10
745;808;88
744;762;69
743;495;40
742;664;97
741;593;11
740;316;54
739;838;66
738;816;41
737;241;90
736;53;23
735;248;64
734;346;2
733;658;26
732;683;40
731;128;63
730;233;94
729;470;71
728;167;89
727;342;20
726;704;27
725;329;7
724;350;30
723;237;51
722;59;75
721;602;77
720;417;70
719;205;55
718;654;9
717;443;53
716;385;52
715;615;99
714;990;98
713;890;48
712;729;5
711;32;75
710;478;76
709;562;33
708;630;0
707;970;84
706;169;45
705;547;38
704;670;4
703;583;99
702;870;11
701;141;71
700;283;42
699;22;79
698;777;67
697;794;75
696;652;14
695;384;13
694;795;21
693;327;84
692;749;78
691;530;41
690;210;71
689;273;89
688;598;79
687;669;25
686;51;1
685;820;98
684;986;73
683;294;35
682;551;10
681;260;29
680;815;69
679;286;55
678;123;65
677;93;48
676;107;61
675;195;85
674;129;46
673;891;48
672;214;34
671;897;89
670;420;19
669;201;82
668;10;33
667;32;32
666;345;1
665;447;37
664;68;30
663;380;29
662;97;57
661;991;1
660;111;74
659;622;64
658;300;73
657;876;84
656;377;17
655;706;79
654;857;22
653;629;36
652;985;13
651;993;79
650;549;19
649;847;76
648;54;61
647;852;41
646;462;81
645;944;61
644;226;40
643;638;88
642;197;92
641;434;31
640;132;68
639;861;45
638;876;2
637;680;57
636;529;32
635;384;62
634;182;100
633;181;39
632;905;57
631;562;81
630;445;27
629;13;95
628;986;30
627;881;69
626;458;59
625;824;3
624;353;2
623;894;55
622;359;56
621;910;55
620;527;56
619;27;58
618;756;13
617;38;76
616;928;84
615;61;63
614;161;10
613;153;35
612;453;23
611;696;98
610;913;13
609;492;92
608;11;87
607;763;39
606;24;76
605;496;26
604;420;17
603;790;85
602;514;40
601;988;30
600;703;56
599;478;20
598;777;11
597;602;8
596;233;66
595;614;82
594;549;48
593;482;98
592;580;52
591;81;66
590;233;43
589;778;87
588;87;67
587;887;30
586;167;15
585;633;22
584;266;49
583;746;44
582;453;88
581;110;11
580;860;22
579;98;74
578;627;52
577;150;75
576;493;67
575;95;55
574;956;23
573;851;2
572;59;19
571;987;58
570;219;73
569;222;46
568;678;45
567;378;37
566;649;97
565;825;64
564;409;77
563;531;8
562;589;62
561;253;42
560;260;16
559;116;98
558;202;62
557;898;38
556;310;25
555;141;37
554;803;26
553;501;64
552;265;10
551;685;8
550;742;55
549;455;34
548;517;73
547;899;44
546;645;83
545;837;11
544;671;23
543;490;90
542;908;52
541;190;21
540;259;87
539;637;33
538;749;9
537;860;64
536;826;64
535;401;46
534;30;54
533;632;77
532;418;47
531;328;13
530;173;30
529;370;69
528;730;58
527;305;32
526;536;46
525;359;96
524;571;70
523;750;45
522;339;38
521;550;50
520;570;67
519;671;89
518;395;18
517;873;1
516;738;60
515;40;9
514;42;62
513;881;76
512;603;16
511;210;17
510;700;61
509;808;98
508;927;33
507;802;43
506;918;98
505;694;2
504;939;90
503;984;98
502;795;26
501;829;25
500;321;89
499;426;67
498;928;68
497;30;58
496;745;49
495;624;86
494;13;58
493;953;81
492;379;43
491;800;98
490;179;94
489;653;70
488;361;32
487;190;56
486;341;46
485;433;66
484;419;60
483;40;74
482;562;26
481;676;12
480;945;78
479;16;59
478;68;21
477;568;76
476;191;7
475;606;67
474;208;76
473;803;84
472;97;66
471;857;90
470;168;34
469;838;52
468;159;21
467;874;100
466;983;64
465;935;25
464;20;98
463;132;83
462;493;10
461;890;65
460;143;94
459;90;49
458;205;47
457;686;14
456;415;66
455;981;66
454;120;9
453;985;50
452;328;17
451;482;76
450;759;90
449;527;43
448;127;86
447;853;21
446;28;16
445;329;74
444;934;43
443;271;78
442;283;59
441;733;65
440;519;66
439;764;39
438;225;94
437;695;95
436;227;97
435;496;80
434;685;68
433;277;88
432;215;81
431;898;57
430;117;68
429;34;68
428;93;62
427;698;30
426;790;95
425;559;21
424;164;50
423;974;49
422;95;100
421;823;56
420;7;67
419;909;6
418;477;50
417;187;83
416;794;27
415;50;3
414;237;6
413;666;96
412;322;24
411;677;72
410;896;17
409;949;80
408;386;37
407;451;85
406;128;47
405;941;40
404;637;91
403;238;10
402;131;22
401;888;91
400;55;28
399;331;90
398;786;24
397;671;27
396;314;68
395;811;54
394;244;20
393;307;89
392;394;10
391;301;87
390;929;5
389;380;33
388;929;28
387;11;65
386;241;18
385;90;79
384;901;36
383;41;69
382;935;97
381;783;61
380;522;28
379;835;55
378;619;99
377;502;10
376;718;76
375;922;67
374;640;81
373;146;38
372;940;14
371;459;96
370;673;65
369;733;82
368;860;92
367;640;26
366;96;100
365;129;41
364;591;0
363;172;68
362;527;8
361;795;95
360;12;4
359;549;74
358;833;72
357;946;68
356;597;83
355;20;8
354;814;78
353;320;52
352;297;8
351;419;23
350;154;55
349;105;2
348;174;47
347;414;26
346;776;74
345;787;48
344;147;15
343;8;63
342;46;72
341;772;81
340;987;26
339;853;62
338;952;43
337;444;57
336;895;1
335;268;56
334;969;88
333;110;29
332;300;95
331;897;28
330;947;85
329;902;24
328;562;14
327;278;18
326;600;40
325;913;57
324;439;21
323;224;15
322;100;0
321;714;97
320;329;82
319;254;49
318;394;16
317;495;26
316;697;38
315;931;38
314;530;45
313;552;62
312;470;39
311;661;21
310;586;75
309;82;82
308;443;47
307;162;94
306;434;77
305;122;14
304;284;36
303;588;42
302;856;3
301;875;94
300;89;31
299;665;59
298;196;89
297;642;86
296;911;47
295;963;59
294;963;2
293;653;7
292;50;52
291;607;87
290;476;83
289;883;60
288;675;14
287;241;18
286;45;65
285;616;84
284;351;48
283;798;74
282;597;86
281;371;27
280;651;73
279;281;69
278;291;16
277;369;78
276;929;91
275;657;18
274;771;60
273;869;37
272;587;96
271;320;57
270;734;22
269;316;59
268;730;27
267;907;51
266;660;36
265;281;73
264;107;20
263;527;15
262;928;65
261;174;56
260;914;49
259;653;23
258;532;1
257;890;37
256;477;35
255;893;90
254;776;20
253;54;89
252;953;17
251;870;89
250;353;88
249;372;54
248;403;76
247;970;40
246;428;18
245;211;51
244;867;2
243;766;5
242;634;24
241;764;89
240;334;6
239;918;89
238;988;26
237;348;15
236;473;99
235;797;86
234;980;0
233;805;0
232;691;55
231;703;57
230;456;35
229;88;6
228;190;48
227;921;44
226;976;59
225;820;23
224;284;91
223;191;58
222;242;38
221;123;78
220;223;2
219;586;30
218;228;20
217;294;44
216;742;67
215;250;48
214;217;50
213;847;33
212;10;9
211;207;31
210;823;37
209;860;28
208;545;100
207;914;31
206;888;16
205;690;17
204;444;95
203;133;40
202;314;29
201;591;78
200;651;59
199;660;16
198;180;90
197;994;95
196;595;95
195;544;87
194;494;85
193;828;30
192;975;2
191;181;58
190;18;79
189;586;94
188;944;77
187;844;71
186;948;60
185;846;45
184;969;11
183;933;1
182;549;56
181;28;47
180;684;89
179;813;36
178;611;20
177;641;41
176;949;26
175;128;99
174;231;54
173;859;23
172;604;6
171;174;94
170;214;17
169;298;97
168;438;26
167;777;18
166;673;63
165;610;95
164;920;44
163;587;9
162;55;75
161;488;49
160;236;47
159;728;26
158;198;82
157;309;13
156;575;32
155;852;27
154;81;13
153;357;43
152;922;19
151;968;29
150;337;42
149;602;80
148;890;1
147;780;43
146;176;38
145;52;53
144;472;14
143;461;11
142;179;31
141;22;15
140;642;84
139;681;88
138;501;62
137;956;76
136;796;3
135;583;43
134;586;49
133;570;89
132;578;71
131;428;49
130;851;58
129;405;84
128;267;7
127;911;38
126;583;91
125;279;91
124;605;17
123;494;25
122;940;88
121;625;7
120;3;100
119;341;74
118;648;28
117;309;76
116;391;48
115;402;92
114;467;90
113;832;23
112;1;74
111;106;92
110;204;7
109;548;64
108;52;90
107;569;93
106;47;84
105;955;17
104;489;60
103;887;1
102;308;87
101;957;35
100;700;50
99;355;18
98;917;44
97;953;20
96;768;8
95;924;21
94;239;27
93;322;48
92;910;95
91;501;8
90;770;47
89;812;13
88;298;39
87;977;66
86;854;55
85;348;51
84;344;79
83;362;45
82;651;70
81;406;98
80;723;70
79;736;12
78;628;69
77;174;5
76;159;85
75;118;69
74;139;64
73;355;69
72;59;65
71;100;61
70;837;45
69;947;19
68;621;76
67;373;1
66;530;81
65;286;84
64;725;64
63;298;22
62;170;29
61;358;91
60;751;74
59;937;6
58;551;67
57;396;54
56;352;43
55;349;20
54;666;1
53;827;93
52;894;75
51;807;69
50;712;11
49;165;3
48;950;15
47;488;39
46;449;11
45;170;51
44;920;97
43;136;43
42;688;100
41;246;65
40;789;91
39;98;7
38;561;46
37;738;21
36;718;14
35;821;33
34;939;1
33;352;88
32;566;10
31;671;81
30;123;10
29;684;7
28;953;17
27;480;36
26;352;39
25;202;15
24;55;64
23;153;74
22;606;69
21;488;84
20;922;84
19;283;1
18;797;88
17;62;2
16;511;53
15;909;17
14;423;89
13;127;36
12;409;10
11;27;98
10;283;24
9;386;63
8;970;71
7;230;89
6;843;95
5;473;80
4;110;4
3;78;35
2;737;29
1;288;72
1000;905;58
999;433;56
998;860;54
997;397;59
996;934;0
995;799;44
994;704;23
993;491;74
992;990;28
991;420;74
990;967;61
989;201;57
988;864;37
987;602;78
986;207;5
985;41;7
984;573;62
983;859;79
982;513;40
981;420;40
980;163;85
979;628;76
978;561;7
977;87;92
976;594;27
975;219;38
974;462;3
973;32;11
972;904;36
971;342;43
970;56;39
969;167;70
968;252;8
967;658;28
966;642;30
965;375;67
964;920;0
963;706;2
962;543;11
961;537;58
960;871;100
959;198;52
958;79;66
957;347;55
956;467;2
955;508;33
954;865;23
953;42;79
952;927;10
951;962;77
950;946;0
949;251;66
948;955;14
947;680;34
946;579;41
945;662;5
944;389;50
943;735;44
942;538;55
941;571;13
940;308;29
939;493;47
938;104;69
937;292;53
936;285;23
935;892;18
934;461;3
933;906;10
932;830;7
931;545;91
930;329;64
929;368;32
928;159;20
927;154;19
926;685;81
925;614;23
924;59;58
923;679;23
922;443;16
921;924;1
920;415;69
919;218;38
918;137;92
917;507;76
916;306;38
915;35;28
914;204;46
913;247;65
912;103;32
911;76;50
910;879;10
909;749;88
908;301;95
907;1;44
906;351;56
905;7;54
904;347;62
903;218;67
902;821;64
901;459;39
900;68;46
899;560;44
898;938;40
897;522;10
896;635;28
895;926;32
894;686;41
893;122;5
892;860;47
891;782;36
890;928;88
889;857;60
888;820;100
887;186;74
886;88;68
885;989;16
884;293;48
883;534;9
882;335;32
881;477;66
880;854;63
879;863;39
878;217;41
877;878;22
876;738;24
875;971;5
874;418;22
873;648;54
872;647;54
871;720;47
870;135;5
869;735;37
868;211;65
867;112;80
866;715;15
865;610;70
864;711;90
863;778;34
862;848;65
861;871;12
860;780;47
859;65;92
858;132;32
857;433;27
856;653;67
855;912;97
854;373;39
853;471;69
852;553;22
851;459;68
850;710;78
849;262;78
848;965;21
847;981;15
846;605;9
845;914;83
844;868;56
843;44;70
842;138;44
841;159;0
840;288;10
839;240;10
838;395;10
837;816;90
836;83;95
835;220;81
834;16;37
833;40;84
832;675;85
831;684;24
830;896;80
829;435;24
828;431;59
827;816;63
826;350;79
825;811;94
824;476;23
823;936;17
822;14;60
821;901;39
820;393;66
819;278;70
818;93;47
817;289;91
816;253;56
815;487;37
814;513;17
813;926;23
812;265;80
811;308;67
810;785;2
809;638;42
808;299;43
807;871;28
806;831;5
805;367;69
804;301;14
803;789;97
802;636;78
801;174;51
800;840;25
799;829;89
798;446;90
797;835;9
796;503;2
795;816;87
794;99;100
793;337;22
792;647;99
791;832;63
790;580;63
789;216;62
788;169;67
787;484;12
786;772;61
785;291;18
784;503;86
783;466;52
782;109;18
781;52;0
780;596;71
779;607;49
778;635;60
777;15;33
776;16;72
775;552;23
774;786;69
773;483;62
772;806;60
771;440;71
770;177;3
769;259;3
768;983;69
767;356;99
766;370;71
765;161;15
764;57;20
763;489;4
762;769;75
761;190;66
760;845;93
759;721;73
758;704;86
757;868;81
756;901;71
755;11;85
754;888;68
753;116;90
752;875;40
751;369;90
750;552;27
749;572;55
748;690;32
747;529;13
746;366;91
745;764;100
744;866;9
743;299;27
742;661;9
741;198;37
740;819;50
739;297;78
738;697;39
737;779;15
736;547;9
735;511;87
734;895;47
733;196;25
732;802;37
731;887;67
730;281;28
729;380;87
728;420;71
727;244;21
726;782;7
725;590;6
724;966;47
723;26;13
722;243;75
721;758;32
720;620;92
719;679;71
718;499;31
717;590;13
716;392;48
715;636;99
714;497;33
713;702;23
712;675;60
711;569;65
710;275;60
709;154;6
708;471;79
707;652;42
706;186;100
705;960;89
704;263;18
703;441;84
702;556;38
701;211;58
700;663;16
699;958;98
698;586;36
697;424;55
696;674;62
695;627;23
694;288;60
693;650;16
692;286;3
691;602;57
690;474;62
689;899;54
688;864;44
687;421;67
686;812;66
685;700;94
684;892;38
683;631;18
682;13;27
681;498;82
680;571;88
679;845;37
678;277;18
677;995;74
676;915;24
675;968;71
674;937;62
673;356;89
672;431;58
671;910;51
670;368;16
669;389;42
668;594;85
667;336;24
666;984;86
665;259;22
664;380;10
663;749;36
662;215;0
661;913;57
660;957;20
659;423;88
658;162;60
657;945;70
656;147;19
655;288;54
654;293;80
653;330;46
652;24;12
651;435;8
650;302;42
649;387;77
648;998;10
647;792;40
646;633;4
645;275;86
644;994;31
643;824;73
642;764;46
641;555;48
640;485;55
639;445;82
638;272;84
637;183;55
636;473;100
635;211;2
634;687;22
633;739;65
632;848;93
631;213;21
630;481;24
629;932;3
628;988;12
627;118;58
626;154;43
625;742;29
624;579;44
623;849;80
622;69;33
621;734;22
620;839;63
619;603;40
618;643;28
617;767;36
616;613;37
615;988;58
614;799;0
613;629;54
612;748;27
611;277;40
610;757;66
609;192;70
608;45;3
607;595;44
606;707;49
605;823;18
604;736;3
603;488;21
602;44;64
601;922;29
600;339;84
599;457;63
598;158;68
597;180;81
596;385;69
595;886;52
594;964;79
593;195;32
592;854;57
591;680;69
590;816;11
589;667;95
588;769;34
587;748;45
586;951;44
585;785;82
584;507;20
583;509;56
582;917;28
581;689;32
580;152;42
579;883;78
578;212;11
577;297;20
576;265;87
575;376;90
574;456;54
573;261;7
572;109;3
571;513;56
570;443;26
569;162;26
568;869;55
567;489;25
566;545;23
565;917;69
564;136;7
563;162;62
562;33;76
561;400;77
560;697;21
559;49;52
558;790;92
557;926;91
556;176;24
555;29;81
554;92;35
553;458;35
552;546;57
551;507;25
550;459;55
549;364;81
548;761;93
547;971;79
546;140;61
545;933;17
544;857;30
543;21;35
542;928;54
541;465;43
540;495;8
539;855;39
538;283;82
537;100;22
536;690;49
535;972;15
534;32;41
533;650;100
532;604;0
531;564;88
530;798;11
529;789;26
528;698;18
527;579;70
526;873;76
525;348;1
524;305;99
523;294;33
522;273;61
521;672;24
520;288;19
519;369;30
518;910;68
517;550;22
516;517;88
515;54;80
514;644;42
513;560;12
512;294;44
511;630;72
510;151;9
509;324;55
508;323;50
507;983;60
506;288;99
505;649;83
504;782;19
503;843;86
502;531;93
501;246;24
500;132;90
499;529;95
498;158;85
497;377;69
496;588;99
495;800;68
494;6;20
493;744;7
492;930;70
491;818;69
490;76;90
489;669;98
488;704;42
487;141;77
486;656;97
485;126;60
484;446;63
483;384;31
482;522;16
481;804;51
480;615;16
479;261;61
478;692;81
477;468;70
476;870;51
475;301;50
474;750;10
473;250;15
472;802;100
471;153;73
470;870;53
469;253;27
468;365;60
467;650;52
466;981;91
465;364;74
464;554;19
463;303;24
462;520;100
461;174;65
460;738;82
459;27;85
458;138;37
457;79;47
456;614;6
455;461;55
454;162;44
453;744;81
452;674;2
451;131;24
450;966;64
449;223;95
448;57;7
447;155;67
446;926;1
445;931;4
444;115;58
443;931;51
442;552;8
441;601;37
440;488;71
439;928;38
438;78;73
437;882;92
436;630;55
435;472;72
434;928;17
433;173;76
432;906;7
431;777;18
430;219;4
429;796;17
428;109;83
427;397;22
426;731;91
425;463;54
424;193;91
423;86;83
422;527;35
421;829;68
420;228;87
419;285;41
418;68;24
417;501;40
416;808;7
415;499;88
414;407;62
413;100;33
412;262;63
411;865;97
410;407;92
409;275;0
408;183;18
407;105;64
406;759;76
405;27;97
404;461;17
403;986;71
402;337;23
401;750;77
400;641;55
399;939;3
398;625;47
397;586;76
396;342;27
395;285;20
394;559;72
393;495;77
392;211;76
391;66;67
390;929;40
389;902;15
388;816;37
387;67;18
386;937;67
385;733;34
384;165;85
383;134;71
382;114;80
381;901;46
380;227;83
379;862;9
378;506;66
377;407;54
376;424;92
375;237;40
374;306;70
373;786;0
372;428;32
371;850;60
370;129;41
369;313;54
368;70;28
367;600;58
366;617;49
365;950;66
364;937;42
363;625;71
362;859;29
361;117;99
360;493;40
359;607;40
358;11;4
357;965;13
356;996;96
355;322;69
354;820;93
353;757;84
352;329;51
351;600;22
350;644;86
349;425;58
348;659;85
347;708;59
346;631;69
345;128;61
344;974;98
343;36;50
342;260;51
341;903;52
340;637;19
339;588;63
338;586;13
337;400;41
336;746;84
335;912;86
334;894;53
333;31;58
332;345;5
331;332;72
330;554;1
329;702;74
328;555;34
327;679;58
326;395;5
325;505;34
324;492;61
323;293;82
322;700;18
321;143;74
320;643;50
319;807;34
318;417;85
317;127;97
316;692;3
315;625;75
314;489;43
313;896;92
312;182;85
311;44;2
310;677;8
309;663;22
308;442;13
307;588;72
306;503;2
305;832;46
304;138;53
303;124;96
302;579;31
301;555;53
300;400;99
299;777;18
298;282;27
297;215;32
296;973;43
295;976;56
294;265;59
293;601;89
292;883;55
291;434;19
290;110;40
289;865;19
288;945;71
287;448;4
286;899;68
285;118;5
284;873;60
283;676;98
282;382;10
281;608;88
280;354;45
279;369;77
278;222;76
277;648;49
276;583;21
275;6;60
274;612;90
273;455;15
272;841;50
271;9;25
270;902;93
269;686;11
268;980;5
267;113;16
266;833;92
265;785;42
264;344;65
263;239;81
262;383;81
261;979;4
260;929;3
259;248;15
258;512;40
257;945;35
256;898;5
255;559;31
254;59;21
253;490;53
252;949;10
251;587;57
250;847;42
249;628;27
248;736;63
247;392;38
246;475;15
245;30;96
244;783;85
243;306;51
242;50;66
241;968;90
240;892;84
239;686;78
238;412;71
237;757;28
236;621;6
235;233;19
234;486;49
233;241;99
232;832;72
231;597;83
230;603;91
229;914;51
228;988;38
227;967;47
226;104;76
225;777;80
224;827;32
223;809;49
222;203;20
221;670;25
220;604;24
219;152;79
218;170;49
217;477;18
216;317;1
215;123;21
214;270;93
213;959;14
212;952;25
211;341;41
210;435;80
209;81;38
208;114;73
207;627;26
206;354;18
205;522;42
204;668;75
203;127;32
202;135;24
201;137;23
200;329;12
199;852;85
198;829;70
197;781;42
196;620;99
195;433;69
194;965;62
193;410;76
192;215;60
191;114;0
190;596;52
189;717;23
188;164;58
187;757;92
186;532;73
185;396;2
184;114;87
183;852;23
182;957;17
181;954;38
180;599;83
179;475;50
178;977;96
177;497;21
176;743;73
175;141;11
174;890;41
173;201;97
172;428;76
171;374;62
170;228;69
169;401;71
168;913;57
167;443;75
166;132;43
165;425;41
164;155;45
163;144;98
162;74;35
161;197;84
160;871;66
159;361;48
158;120;37
157;41;82
156;445;22
155;435;65
154;308;64
153;543;41
152;821;17
151;952;36
150;139;2
149;765;10
148;15;52
147;476;86
146;117;30
145;977;72
144;297;9
143;739;34
142;387;2
141;518;74
140;992;6
139;744;25
138;285;90
137;656;30
136;928;43
135;16;28
134;290;18
133;154;68
132;468;28
131;235;35
130;235;48
129;8;13
128;884;19
127;615;43
126;499;55
125;554;90
124;373;62
123;257;8
122;398;12
121;118;96
120;217;40
119;15;8
118;316;2
117;943;13
116;417;70
115;588;59
114;213;56
113;300;19
112;587;32
111;627;10
110;605;6
109;454;24
108;834;71
107;192;12
106;462;29
105;791;49
104;412;55
103;62;72
102;90;77
101;413;85
100;216;43
99;14;93
98;229;16
97;180;84
96;379;52
95;48;24
94;501;97
93;339;12
92;352;76
91;183;61
90;551;35
89;91;4
88;912;24
87;932;30
86;38;1
85;636;82
84;264;97
83;657;96
82;436;73
81;259;54
80;199;27
79;276;61
78;940;15
77;174;71
76;331;55
75;103;58
74;474;49
73;276;65
72;390;95
71;731;42
70;752;1
69;529;46
68;938;16
67;898;58
66;12;65
65;465;85
64;126;100
63;656;33
62;734;63
61;424;31
60;174;3
59;328;99
58;303;65
57;685;27
56;170;81
55;519;88
54;734;69
53;394;63
52;366;15
51;432;78
50;251;9
49;7;98
48;598;39
47;91;91
46;26;56
45;173;68
44;62;39
43;668;80
42;702;54
41;278;42
40;67;37
39;643;58
38;769;33
37;546;44
36;796;5
35;603;77
34;914;42
33;731;45
32;709;30
31;865;84
30;703;75
29;514;67
28;390;98
27;710;6
26;708;38
25;300;34
24;931;82
23;837;70
22;968;88
21;851;39
20;805;31
19;884;64
18;491;25
17;861;57
16;769;97
15;92;56
14;855;2
13;30;82
12;580;88
11;468;36
10;721;32
9;731;73
8;727;25
7;100;75
6;15;30
5;612;78
4;192;25
3;778;9
2;792;73
1;156;6
1000;40;57
999;847;2
998;168;77
997;518;33
996;784;18
995;857;79
994;474;87
993;480;46
992;712;71
991;293;32
990;862;94
989;894;83
988;915;24
987;573;21
986;253;82
985;800;95
984;604;33
983;84;42
982;788;70
981;138;62
980;967;46
979;673;98
978;213;53
977;830;74
976;780;22
975;218;56
974;569;59
973;811;10
972;616;74
971;734;86
970;344;20
969;86;93
968;108;65
967;121;24
966;693;66
965;743;25
964;666;71
963;166;1
962;727;62
961;274;87
960;728;10
959;340;6
958;668;65
957;103;92
956;317;1
955;488;41
954;863;65
953;305;20
952;741;57
951;812;36
950;696;18
949;114;41
948;664;87
947;886;88
946;702;42
945;531;35
944;498;71
943;567;7
942;125;66
941;410;75
940;405;79
939;591;69
938;685;98
937;298;65
936;487;73
935;776;50
934;206;92
933;141;5
932;822;95
931;0;78
930;29;53
929;981;43
928;281;42
927;405;27
926;811;90
925;221;17
924;482;78
923;894;10
922;825;82
921;398;32
920;976;100
919;298;73
918;723;43
917;468;74
916;58;18
915;957;61
914;130;89
913;274;30
912;116;49
911;139;96
910;742;67
909;143;80
908;765;34
907;961;0
906;192;28
905;94;70
904;380;10
903;0;27
902;115;59
901;654;48
900;951;78
899;293;85
898;197;2
897;793;28
896;361;87
895;109;89
894;619;98
893;763;54
892;209;85
891;389;83
890;853;30
889;601;71
888;842;18
887;359;71
886;306;42
885;244;41
884;565;42
883;430;86
882;861;14
881;396;5
880;44;25
879;155;46
878;171;73
877;518;67
876;895;91
875;230;84
874;403;6
873;130;79
872;9;93
871;811;3
870;99;91
869;133;13
868;865;15
867;553;30
866;845;55
865;544;26
864;181;22
863;714;61
862;636;30
861;644;7
860;298;85
859;607;22
858;465;63
857;558;73
856;369;73
855;293;96
854;925;62
853;409;1
852;785;14
851;802;74
850;724;32
849;444;80
848;664;25
847;441;60
846;447;68
845;388;55
844;763;54
843;141;36
842;623;46
841;358;27
840;790;25
839;602;59
838;732;68
837;301;55
836;328;3
835;785;77
834;215;9
833;276;21
832;272;34
831;197;28
830;385;69
829;424;81
828;659;29
827;71;33
826;659;68
825;579;9
824;919;66
823;174;59
822;963;30
821;333;58
820;278;36
819;89;28
818;477;80
817;661;18
816;279;95
815;465;92
814;65;58
813;176;13
812;596;16
811;320;88
810;163;24
809;973;97
808;354;86
807;306;37
806;659;63
805;892;38
804;663;32
803;142;90
802;800;16
801;106;24
800;223;30
799;537;92
798;734;81
797;161;90
796;288;78
795;616;31
794;778;95
793;860;15
792;460;81
791;247;0
790;93;53
789;439;77
788;396;87
787;475;86
786;83;19
785;545;25
784;389;99
783;366;4
782;284;50
781;69;12
780;991;8
779;76;9
778;324;27
777;542;95
776;414;5
775;778;35
774;933;0
773;143;43
772;296;24
771;708;83
770;214;100
769;217;9
768;885;96
767;679;84
766;453;98
765;266;60
764;544;47
763;279;61
762;545;76
761;165;14
760;963;17
759;24;59
758;299;98
757;924;99
756;412;35
755;368;56
754;330;92
753;897;18
752;351;64
751;661;28
750;857;51
749;949;32
748;740;22
747;279;74
746;958;94
745;183;74
744;647;53
743;875;66
742;883;68
741;620;44
740;284;60
739;557;79
738;696;65
737;102;6
736;50;93
735;335;76
734;544;98
733;826;2
732;70;41
731;627;98
730;365;25
729;843;74
728;945;54
727;744;51
726;955;12
725;100;22
724;836;49
723;779;51
722;158;51
721;278;80
720;907;57
719;727;56
718;474;29
717;347;17
716;659;85
715;99;22
714;476;69
713;344;26
712;195;82
711;948;51
710;907;68
709;901;80
708;69;36
707;58;76
706;931;20
705;213;80
704;741;41
703;302;16
702;826;22
701;367;46
700;660;72
699;661;40
698;328;76
697;346;84
696;839;0
695;727;20
694;757;2
693;885;65
692;779;87
691;940;39
690;24;79
689;175;18
688;66;17
687;453;46
686;915;55
685;250;34
684;772;8
683;92;35
682;398;81
681;310;6
680;295;57
679;415;33
678;252;95
677;599;0
676;1;66
675;103;9
674;319;55
673;767;14
672;267;32
671;868;95
670;695;62
669;945;33
668;399;35
667;77;33
666;820;82
665;730;42
664;321;24
663;305;65
662;513;35
661;643;59
660;46;86
659;599;74
658;815;57
657;828;88
656;488;8
655;778;59
654;956;93
653;421;91
652;444;59
651;954;87
650;255;0
649;733;54
648;725;47
647;944;25
646;959;9
645;895;28
644;188;73
643;967;94
642;570;76
641;662;33
640;559;38
639;196;65
638;282;94
637;873;60
636;509;90
635;861;56
634;167;1
633;463;67
632;669;39
631;912;95
630;464;77
629;442;8
628;912;95
627;512;47
626;387;93
625;78;64
624;380;15
623;730;89
622;63;19
621;793;76
620;301;18
619;335;95
618;92;59
617;365;50
616;328;36
615;370;6
614;434;8
613;853;2
612;592;80
611;177;96
610;183;1
609;745;50
608;442;84
607;64;28
606;963;78
605;952;84
604;508;58
603;200;40
602;60;99
601;553;7
600;890;45
599;493;32
598;239;64
597;452;14
596;519;60
595;725;87
594;373;48
593;823;53
592;565;71
591;370;85
590;597;21
589;205;56
588;674;94
587;802;50
586;899;73
585;881;56
584;380;52
583;87;15
582;489;79
581;301;80
580;667;14
579;395;82
578;4;5
577;224;44
576;239;59
575;57;46
574;865;0
573;627;21
572;452;52
571;212;94
570;446;27
569;453;80
568;141;66
567;949;1
566;644;75
565;693;62
564;689;81
563;36;39
562;515;85
561;969;28
560;998;84
559;732;32
558;573;8
557;634;80
556;972;7
555;850;13
554;34;5
553;25;8
552;236;43
551;720;59
550;487;24
549;63;77
548;669;26
547;333;81
546;828;26
545;779;23
544;879;1
543;584;28
542;607;79
541;216;48
540;669;33
539;96;54
538;140;52
537;938;41
536;184;3
535;232;66
534;253;28
533;341;83
532;789;28
531;75;96
530;74;14
529;980;93
528;194;23
527;365;19
526;768;53
525;568;97
524;696;11
523;365;44
522;538;18
521;678;38
520;191;6
519;357;42
518;384;62
517;364;26
516;614;66
515;863;20
514;687;9
513;684;90
512;646;15
511;101;68
510;603;97
509;889;59
508;778;25
507;270;10
506;239;29
505;34;23
504;551;79
503;149;41
502;652;72
501;99;45
500;188;38
499;220;61
498;369;26
497;479;32
496;286;100
495;182;42
494;225;64
493;611;36
492;898;32
491;867;52
490;436;75
489;1;35
488;772;76
487;876;90
486;525;3
485;988;9
484;217;4
483;917;44
482;180;32
481;783;83
480;18;39
479;961;53
478;777;36
477;195;63
476;351;18
475;709;50
474;592;94
473;790;48
472;76;21
471;274;37
470;493;47
469;924;62
468;851;58
467;818;51
466;104;11
465;246;51
464;898;78
463;969;7
462;951;45
461;186;59
460;680;11
459;697;34
458;214;9
457;114;17
456;547;84
455;684;78
454;435;4
453;793;20
452;724;34
451;615;71
450;594;70
449;993;35
448;233;74
447;207;78
446;314;13
445;31;47
444;176;15
443;453;81
442;819;79
441;840;59
440;329;85
439;711;28
438;484;17
437;265;53
436;832;72
435;833;91
434;868;9
433;779;76
432;805;39
431;62;32
430;830;44
429;10;69
428;776;54
427;780;76
426;251;16
425;589;24
424;330;82
423;993;38
422;9;6
421;222;75
420;506;11
419;741;60
418;766;64
417;898;78
416;938;59
415;142;0
414;896;42
413;251;17
412;569;51
411;752;28
410;712;15
409;643;84
408;291;18
407;656;62
406;188;34
405;133;12
404;906;13
403;523;68
402;454;72
401;499;19
400;170;11
399;160;76
398;815;60
397;416;6
396;366;62
395;713;20
394;230;51
393;299;56
392;291;92
391;708;18
390;877;76
389;537;47
388;574;86
387;805;67
386;719;35
385;393;25
384;321;49
383;388;11
382;677;90
381;277;46
380;287;11
379;519;73
378;650;47
377;550;37
376;809;96
375;660;66
374;451;62
373;201;36
372;156;7
371;36;80
370;503;49
369;99;44
368;779;19
367;282;59
366;22;64
365;214;31
364;5;34
363;561;14
362;928;79
361;827;61
360;149;46
359;554;5
358;912;3
357;505;48
356;576;45
355;49;25
354;580;46
353;245;31
352;215;10
351;825;27
350;339;31
349;198;43
348;354;57
347;499;23
346;44;0
345;51;94
344;727;58
343;231;65
342;761;58
341;766;33
340;635;8
339;785;10
338;302;19
337;268;76
336;555;29
335;680;70
334;392;86
333;775;82
332;996;27
331;900;58
330;364;57
329;351;29
328;381;50
327;472;4
326;7;62
325;745;27
324;334;82
323;570;75
322;16;86
321;317;54
320;485;28
319;33;47
318;647;35
317;863;19
316;135;71
315;127;60
314;555;15
313;943;5
312;88;16
311;314;44
310;726;100
309;651;90
308;747;91
307;419;86
306;802;1
305;798;0
304;117;85
303;757;93
302;219;99
301;128;73
300;753;79
299;547;97
298;193;93
297;627;24
296;3;48
295;197;81
294;739;61
293;226;84
292;101;85
291;396;11
290;184;6
289;651;89
288;884;43
287;178;9
286;707;67
285;991;10
284;723;12
283;580;53
282;339;63
281;996;29
280;548;77
279;534;16
278;302;71
277;111;14
276;393;27
275;135;84
274;901;10
273;858;71
272;473;61
271;961;42
270;765;44
269;200;54
268;728;67
267;89;29
266;876;73
265;612;47
264;144;15
263;14;85
262;787;58
261;980;18
260;623;67
259;820;72
258;777;16
257;821;47
256;456;87
255;665;26
254;685;47
253;901;37
252;769;22
251;668;57
250;577;85
249;703;42
248;942;68
247;709;64
246;513;89
245;891;62
244;155;91
243;930;94
242;48;31
241;258;74
240;458;22
239;142;63
238;136;79
237;1;52
236;432;70
235;533;88
234;203;24
233;919;91
232;50;92
231;559;87
230;791;55
229;823;78
228;153;66
227;750;86
226;267;30
225;668;1
224;675;84
223;356;3
222;914;69
221;422;29
220;112;33
219;126;7
218;285;75
217;44;81
216;327;47
215;93;22
214;63;80
213;553;91
212;129;85
211;177;4
210;860;61
209;488;78
208;893;58
207;73;92
206;639;69
205;189;36
204;226;32
203;815;50
202;85;84
201;547;96
200;909;86
199;7;37
198;738;13
197;340;3
196;518;100
195;236;76
194;403;0
193;720;50
192;898;34
191;413;2
190;31;15
189;169;38
188;457;72
187;862;17
186;681;25
185;156;29
184;335;51
183;359;1
182;411;73
181;226;79
180;341;58
179;801;72
178;654;25
177;8;72
176;500;4
175;721;54
174;797;10
173;609;75
172;325;9
171;263;36
170;387;49
169;153;83
168;122;62
167;556;83
166;136;46
165;886;31
164;593;57
163;450;77
162;812;100
161;389;91
160;980;75
159;495;14
158;736;7
157;309;47
156;777;79
155;569;26
154;699;49
153;13;25
152;365;89
151;829;23
150;941;82
149;567;95
148;575;8
147;59;5
146;523;66
145;90;47
144;316;92
143;711;98
142;588;30
141;843;35
140;148;90
139;520;26
138;462;67
137;273;51
136;721;94
135;115;8
134;147;50
133;223;40
132;133;96
131;382;41
130;696;57
129;562;88
128;532;92
127;814;48
126;71;14
125;808;83
124;433;14
123;395;1
122;359;47
121;184;34
120;595;31
119;389;54
118;982;78
117;258;35
116;670;88
115;454;34
114;748;26
113;830;11
112;146;29
111;280;27
110;78;13
109;125;17
108;779;70
107;47;21
106;685;52
105;93;59
104;996;71
103;573;24
102;771;24
101;734;96
100;268;9
99;130;86
98;192;24
97;4;75
96;463;27
95;974;44
94;425;26
93;847;21
92;756;94
91;281;67
90;511;2
89;776;80
88;371;21
87;25;71
86;616;0
85;494;48
84;558;58
83;712;56
82;436;31
81;277;97
80;767;16
79;507;7
78;994;52
77;950;90
76;522;35
75;571;70
74;118;100
73;858;5
72;580;82
71;598;2
70;725;85
69;315;91
68;833;4
67;450;47
66;267;74
65;187;92
64;16;28
63;771;11
62;428;69
61;209;18
60;428;43
59;53;27
58;241;79
57;227;16
56;628;11
55;400;24
54;214;78
53;107;36
52;214;66
51;103;79
50;459;40
49;38;6
48;109;47
47;3;80
46;156;89
45;152;18
44;317;38
43;425;19
42;32;7
41;787;57
40;326;36
39;888;46
38;154;53
37;315;80
36;572;88
35;460;21
34;847;62
33;298;82
32;752;54
31;809;10
30;818;69
29;966;2
28;178;28
27;364;45
26;852;76
25;920;63
24;111;78
23;744;87
22;535;27
21;156;90
20;910;82
19;631;39
18;392;83
17;54;55
16;676;94
15;277;92
14;905;85
13;825;1
12;832;37
11;950;86
10;6;3
9;283;3
8;115;2
7;934;8
6;49;32
5;37;48
4;538;95
3;779;59
2;854;55
1;485;87
1000;476;81
999;489;86
998;189;12
997;700;68
996;342;11
995;377;58
994;222;94
993;208;59
992;843;2
991;513;98
990;194;27
989;609;40
988;104;14
987;549;94
986;327;28
985;676;64
984;535;78
983;816;47
982;352;63
981;900;45
980;253;75
979;960;22
978;473;26
977;585;49
976;516;45
975;717;47
974;521;54
973;896;51
972;37;41
971;607;38
970;448;66
969;421;52
968;949;62
967;205;21
966;956;91
965;762;51
964;234;94
963;925;78
962;847;8
961;91;99
960;441;84
959;852;77
958;480;90
957;439;53
956;772;61
955;516;14
954;462;34
953;171;14
952;786;3
951;104;53
950;217;6
949;599;91
948;655;49
947;106;74
946;25;81
945;744;81
944;463;74
943;471;44
942;136;87
941;75;29
940;183;14
939;3;72
938;653;48
937;884;59
936;469;42
935;675;2
934;242;35
933;849;59
932;609;87
931;385;3
930;392;19
929;538;3
928;733;31
927;375;6
926;237;17
925;579;46
924;613;47
923;404;25
922;421;48
921;885;43
920;743;43
919;335;65
918;13;60
917;30;94
916;494;35
915;359;88
914;67;85
913;674;78
912;48;34
911;57;67
910;514;75
909;550;76
908;523;43
907;75;3
906;981;38
905;459;65
904;549;89
903;362;87
902;320;15
901;884;46
900;683;68
899;84;8
898;134;33
897;209;63
896;621;77
895;816;16
894;830;41
893;437;10
892;141;76
891;472;55
890;93;92
889;780;7
888;895;53
887;601;67
886;78;41
885;163;54
884;564;46
883;645;60
882;712;88
881;190;38
880;788;16
879;127;96
878;671;91
877;883;71
876;308;9
875;375;25
874;201;95
873;264;80
872;140;41
871;17;26
870;35;43
869;945;1
868;691;51
867;54;58
866;123;67
865;452;72
864;366;14
863;194;49
862;28;4
861;63;69
860;780;59
859;264;48
858;67;48
857;966;79
856;768;75
855;30;49
854;125;69
853;483;67
852;899;68
851;471;63
850;689;86
849;857;52
848;548;96
847;383;55
846;753;100
845;139;84
844;191;90
843;289;87
842;216;66
841;78;1
840;487;1
839;768;15
838;791;3
837;16;62
836;529;78
835;911;8
834;117;18
833;323;28
832;296;93
831;532;58
830;242;46
829;248;30
828;162;44
827;569;35
826;714;5
825;941;4
824;648;36
823;197;49
822;960;64
821;851;89
820;673;5
819;184;48
818;235;23
817;303;85
816;269;65
815;747;38
814;1;88
813;529;57
812;743;35
811;410;10
810;821;20
809;239;57
808;52;61
807;598;29
806;241;20
805;622;100
804;463;83
803;982;60
802;522;16
801;414;92
800;174;74
799;496;3
798;282;32
797;687;31
796;879;97
795;150;16
794;169;91
793;412;76
792;384;51
791;10;95
790;122;5
789;972;41
788;993;16
787;410;86
786;323;47
785;563;98
784;970;63
783;995;16
782;428;25
781;24;93
780;972;26
779;705;67
778;165;55
777;692;27
776;969;1
775;940;1
774;799;71
773;174;25
772;218;33
771;129;76
770;100;68
769;947;2
768;302;14
767;775;7
766;293;92
765;373;68
764;614;19
763;272;19
762;995;62
761;107;84
760;892;45
759;544;1
758;624;67
757;824;38
756;386;12
755;10;44
754;740;92
753;510;13
752;102;70
751;257;85
750;593;32
749;820;66
748;452;27
747;732;66
746;356;3
745;185;78
744;579;57
743;110;11
742;681;27
741;571;61
740;405;2
739;167;60
738;634;61
737;207;25
736;437;37
735;987;10
734;908;90
733;148;68
732;463;75
731;964;14
730;568;56
729;73;57
728;539;54
727;873;99
726;87;60
725;903;1
724;922;88
723;38;33
722;356;3
721;112;58
720;45;59
719;127;53
718;276;64
717;55;78
716;771;100
715;860;36
714;411;78
713;662;74
712;400;74
711;257;4
710;212;11
709;190;35
708;996;65
707;9;51
706;707;2
705;74;1
704;658;24
703;796;65
702;464;70
701;637;28
700;749;60
699;346;57
698;286;98
697;453;41
696;464;37
695;206;84
694;4;74
693;155;96
692;848;97
691;783;85
690;152;29
689;310;97
688;145;66
687;949;41
686;941;27
685;235;6
684;73;50
683;209;96
682;812;73
681;644;38
680;219;60
679;959;97
678;13;55
677;379;94
676;476;34
675;243;47
674;569;70
673;222;31
672;614;50
671;435;94
670;459;18
669;228;66
668;997;95
667;268;57
666;30;77
665;467;80
664;961;4
663;149;8
662;78;37
661;716;23
660;581;95
659;121;76
658;908;47
657;648;88
656;387;76
655;636;70
654;269;66
653;31;71
652;40;68
651;906;96
650;695;46
649;370;15
648;504;15
647;75;49
646;132;2
645;52;54
644;755;29
643;967;26
642;618;96
641;560;77
640;841;92
639;311;3
638;879;17
637;676;28
636;693;86
635;926;14
634;107;83
633;227;19
632;122;44
631;800;59
630;104;0
629;315;99
628;12;26
627;130;58
626;128;41
625;777;23
624;467;70
623;270;45
622;617;12
621;583;83
620;752;4
619;333;13
618;715;56
617;459;0
616;774;58
615;943;97
614;130;55
613;328;94
612;236;89
611;193;23
610;409;50
609;326;23
608;831;38
607;346;4
606;147;86
605;49;35
604;520;78
603;314;59
602;416;45
601;132;37
600;614;1
599;80;22
598;992;1
597;297;69
596;336;93
595;294;77
594;80;3
593;471;31
592;930;47
591;925;45
590;682;72
589;515;54
588;951;7
587;104;17
586;987;74
585;372;45
584;102;16
583;623;80
582;454;20
581;505;95
580;597;49
579;166;28
578;969;82
577;570;5
576;197;66
575;137;80
574;300;28
573;309;42
572;239;13
571;955;40
570;981;58
569;707;0
568;933;98
567;414;31
566;130;23
565;81;87
564;110;27
563;957;20
562;821;44
561;837;83
560;557;86
559;81;84
558;103;73
557;875;32
556;52;11
555;26;8
554;493;35
553;545;20
552;165;84
551;318;43
550;314;83
549;144;78
548;884;37
547;211;84
546;764;54
545;821;94
544;994;59
543;495;47
542;881;37
541;699;42
540;80;52
539;960;55
538;488;94
537;158;10
536;211;93
535;504;15
534;832;30
533;911;33
532;961;59
531;714;97
530;979;54
529;370;69
528;168;39
527;664;93
526;75;39
525;437;28
524;558;36
523;921;67
522;405;65
521;944;74
520;857;68
519;258;4
518;80;13
517;271;42
516;530;26
515;821;63
514;363;31
513;116;27
512;684;14
511;121;1
510;992;52
509;907;76
508;730;54
507;847;86
506;36;47
505;294;32
504;741;50
503;756;35
502;666;46
501;87;33
500;586;92
499;872;44
498;767;63
497;17;78
496;403;20
495;544;78
494;741;24
493;368;11
492;306;89
491;746;98
490;141;87
489;375;96
488;38;100
487;480;96
486;422;98
485;745;71
484;914;51
483;702;43
482;46;8
481;874;79
480;836;13
479;944;88
478;47;9
477;172;54
476;518;59
475;618;20
474;5;12
473;425;86
472;28;23
471;378;60
470;109;96
469;471;38
468;486;19
467;873;24
466;626;25
465;438;86
464;859;13
463;209;12
462;100;55
461;615;71
460;914;44
459;713;31
458;581;45
457;728;23
456;453;47
455;888;14
454;149;98
453;106;10
452;445;47
451;10;74
450;337;24
449;551;56
448;472;45
447;773;97
446;48;42
445;582;74
444;938;13
443;665;11
442;764;97
441;868;7
440;535;4
439;829;89
438;146;40
437;937;30
436;454;51
435;857;86
434;376;77
433;554;96
432;708;28
431;95;97
430;121;55
429;601;84
428;386;78
427;152;41
426;625;38
425;386;46
424;346;94
423;861;77
422;695;28
421;383;42
420;627;22
419;777;93
418;118;38
417;852;47
416;256;45
415;343;86
414;115;48
413;90;57
412;862;22
411;74;31
410;23;61
409;853;57
408;523;31
407;478;13
406;279;89
405;508;63
404;811;64
403;959;31
402;993;20
401;729;93
400;583;37
399;361;74
398;645;18
397;4;79
396;877;84
395;211;87
394;667;9
393;883;6
392;825;53
391;218;92
390;540;24
389;945;10
388;771;66
387;817;17
386;511;5
385;291;35
384;577;37
383;402;12
382;991;80
381;683;63
380;722;28
379;65;71
378;661;92
377;955;71
376;784;99
375;791;42
374;24;51
373;578;51
372;980;50
371;17;50
370;579;49
369;89;69
368;234;27
367;845;78
366;291;32
365;771;55
364;748;5
363;3;14
362;519;70
361;263;98
360;401;52
359;976;31
358;51;17
357;325;0
356;609;21
355;743;91
354;585;82
353;591;7
352;934;79
351;891;93
350;868;100
349;666;82
348;736;38
347;425;86
346;348;42
345;103;84
344;746;95
343;991;53
342;909;65
341;835;72
340;406;57
339;783;8
338;586;65
337;544;98
336;976;41
335;512;43
334;12;14
333;588;21
332;422;90
331;406;64
330;177;1
329;290;70
328;4;13
327;870;76
326;798;33
325;360;31
324;499;1
323;619;31
322;425;84
321;949;9
320;206;99
319;861;100
318;777;67
317;878;71
316;817;79
315;478;22
314;337;71
313;612;73
312;997;26
311;19;64
310;596;28
309;648;30
308;729;90
307;50;67
306;995;58
305;96;13
304;402;78
303;782;47
302;489;98
301;588;60
300;212;19
299;150;47
298;543;14
297;604;48
296;826;24
295;277;78
294;420;46
293;466;39
292;229;55
291;89;24
290;689;56
289;479;62
288;807;65
287;737;31
286;274;66
285;130;99
284;48;52
283;658;25
282;172;31
281;636;39
280;666;40
279;696;43
278;745;54
277;648;5
276;630;84
275;593;57
274;21;70
273;503;50
272;667;92
271;769;51
270;238;21
269;438;92
268;753;89
267;656;0
266;874;50
265;275;24
264;401;69
263;457;41
262;9;89
261;518;78
260;348;54
259;501;24
258;742;18
257;67;1
256;251;5
255;478;83
254;981;62
253;915;50
252;192;85
251;363;11
250;160;77
249;438;9
248;343;94
247;497;69
246;452;72
245;35;59
244;806;97
243;370;47
242;551;17
241;529;14
240;640;3
239;717;93
238;745;5
237;856;23
236;461;30
235;647;77
234;662;46
233;760;1
232;248;14
231;429;40
230;685;6
229;204;90
228;645;71
227;945;96
226;710;1
225;343;12
224;28;85
223;56;72
222;269;74
221;257;28
220;585;1
219;982;82
218;122;45
217;765;9
216;295;59
215;449;31
214;989;94
213;815;29
212;527;86
211;286;33
210;683;61
209;163;68
208;824;64
207;605;44
206;700;74
205;955;84
204;411;77
203;564;23
202;342;63
201;428;56
200;556;49
199;287;78
198;294;6
197;320;53
196;86;46
195;463;1
194;333;74
193;22;73
192;256;3
191;93;44
190;732;51
189;334;52
188;331;94
187;596;27
186;174;76
185;959;47
184;900;71
183;60;63
182;523;93
181;138;49
180;710;43
179;239;54
178;714;1
177;253;21
176;182;17
175;904;4
174;185;56
173;3;96
172;321;39
171;49;99
170;894;83
169;798;91
168;852;12
167;45;97
166;140;86
165;3;10
164;910;12
163;503;37
162;125;65
161;17;69
160;317;10
159;650;56
158;803;59
157;903;49
156;190;41
155;0;67
154;366;49
153;337;64
152;190;64
151;709;57
150;813;92
149;626;74
148;411;32
147;981;81
146;341;19
145;210;43
144;433;1
143;121;72
142;700;20
141;433;16
140;551;29
139;347;24
138;809;0
137;593;33
136;714;24
135;771;48
134;292;2
133;869;81
132;113;27
131;671;9
130;966;96
129;496;84
128;663;22
127;423;65
126;808;68
125;434;26
124;684;85
123;963;24
122;505;15
121;484;62
120;407;93
119;778;5
118;267;62
117;286;50
116;358;36
115;372;24
114;990;49
113;955;80
112;680;54
111;527;28
110;620;77
109;265;9
108;302;45
107;713;1
106;509;82
105;907;73
104;206;75
103;97;73
102;883;70
101;955;33
100;605;67
99;112;0
98;824;82
97;131;74
96;781;100
95;209;62
94;80;93
93;601;98
92;264;90
91;294;71
90;421;24
89;931;50
88;201;30
87;511;0
86;384;33
85;824;91
84;520;58
83;196;15
82;159;26
81;391;16
80;909;88
79;580;32
78;139;97
77;469;53
76;745;84
75;747;18
74;462;40
73;641;95
72;833;55
71;844;83
70;188;99
69;551;21
68;38;85
67;940;82
66;497;50
65;880;0
64;835;54
63;832;97
62;727;24
61;317;27
60;14;48
59;813;61
58;340;21
57;997;84
56;717;48
55;940;41
54;19;27
53;841;80
52;105;71
51;32;79
50;99;56
49;774;46
48;767;95
47;43;27
46;767;88
45;20;9
44;199;36
43;997;29
42;807;0
41;261;69
40;403;80
39;960;80
38;958;37
37;454;83
36;737;5
35;224;7
34;496;18
33;923;12
32;158;2
31;829;50
30;671;42
29;46;7
28;633;70
27;462;94
26;376;45
25;656;36
24;25;63
23;905;77
22;239;45
21;935;78
20;607;82
19;404;82
18;594;29
17;849;67
16;142;64
15;479;63
14;851;21
13;952;0
12;361;26
11;0;85
10;246;70
9;140;46
8;72;37
7;969;33
6;145;10
5;588;0
4;636;54
3;749;18
2;397;46
1;605;57
1000;519;41
999;669;60
998;169;67
997;224;33
996;997;80
995;493;50
994;273;38
993;157;97
992;820;77
991;991;6
990;295;28
989;506;38
988;742;51
987;54;21
986;398;41
985;374;66
984;369;49
983;366;90
982;894;21
981;139;41
980;557;18
979;729;65
978;112;74
977;532;63
976;539;98
975;27;59
974;895;9
973;206;71
972;94;94
971;600;40
970;192;71
969;107;77
968;154;28
967;889;45
966;914;26
965;248;86
964;474;39
963;833;65
962;491;22
961;377;74
960;595;68
959;697;27
958;93;25
957;912;22
956;108;7
955;910;79
954;550;36
953;818;77
952;347;100
951;322;62
950;891;89
949;642;67
948;608;6
947;520;36
946;163;63
945;581;11
944;602;60
943;103;85
942;536;19
941;919;6
940;866;24
939;886;50
938;671;1
937;135;13
936;438;50
935;0;16
934;980;90
933;492;70
932;735;5
931;322;23
930;784;34
929;185;80
928;503;89
927;55;26
926;705;31
925;917;38
924;289;9
923;405;49
922;482;67
921;136;49
920;889;97
919;832;98
918;388;66
917;998;7
916;809;53
915;552;81
914;515;10
913;909;56
912;592;56
911;198;10
910;934;15
909;994;9
908;352;16
907;136;43
906;28;34
905;861;12
904;321;84
903;738;11
902;505;80
901;643;0
900;617;16
899;819;24
898;108;26
897;386;81
896;400;16
895;536;9
894;537;98
893;485;35
892;957;55
891;640;70
890;791;27
889;649;13
888;544;7
887;237;23
886;625;83
885;712;39
884;426;91
883;49;36
882;522;42
881;953;11
880;48;65
879;182;85
878;500;74
877;917;26
876;805;40
875;226;88
874;759;39
873;378;8
872;424;41
871;769;28
870;851;61
869;522;9
868;475;58
867;470;70
866;952;67
865;875;69
864;237;21
863;663;12
862;455;79
861;447;58
860;954;60
859;505;88
858;333;79
857;863;94
856;88;69
855;903;31
854;591;2
853;753;49
852;518;98
851;873;38
850;179;24
849;516;64
848;724;62
847;669;52
846;400;87
845;954;43
844;328;24
843;729;48
842;608;28
841;413;26
840;54;20
839;787;5
838;966;71
837;153;5
836;776;39
835;974;66
834;938;87
833;132;45
832;217;82
831;192;37
830;251;2
829;276;33
828;913;61
827;754;41
826;210;70
825;431;20
824;712;77
823;877;28
822;519;70
821;437;58
820;746;97
819;368;71
818;523;44
817;70;41
816;285;14
815;22;49
814;476;51
813;494;87
812;750;65
811;758;18
810;517;34
809;720;96
808;876;97
807;133;5
806;119;27
805;54;40
804;536;44
803;290;32
802;559;46
801;884;73
800;829;95
799;94;10
798;148;25
797;950;25
796;679;2
795;404;28
794;509;84
793;148;26
792;950;8
791;774;43
790;645;5
789;16;77
788;740;26
787;723;15
786;197;65
785;220;84
784;804;86
783;933;38
782;179;25
781;233;58
780;296;40
779;672;60
778;220;96
777;727;61
776;444;33
775;736;37
774;653;30
773;704;10
772;238;29
771;592;3
770;507;91
769;223;34
768;591;90
767;4;59
766;683;12
765;364;79
764;55;89
763;261;99
762;859;18
761;436;54
760;113;70
759;94;53
758;149;58
757;29;96
756;492;59
755;885;41
754;66;62
753;961;29
752;79;59
751;810;85
750;462;0
749;637;63
748;812;37
747;490;71
746;189;80
745;496;59
744;729;21
743;70;13
742;944;45
741;968;82
740;836;77
739;374;67
738;918;55
737;671;11
736;505;71
735;916;67
734;223;3
733;585;31
732;653;90
731;233;51
730;206;29
729;729;89
728;650;0
727;32;41
726;250;71
725;692;21
724;624;73
723;584;92
722;850;65
721;987;88
720;414;26
719;148;7
718;358;10
717;85;57
716;33;87
715;589;32
714;194;28
713;843;60
712;476;5
711;241;56
710;689;27
709;461;92
708;413;21
707;830;15
706;331;55
705;431;85
704;389;38
703;43;70
702;512;36
701;705;100
700;615;93
699;995;60
698;936;39
697;123;42
696;903;66
695;957;42
694;897;27
693;418;92
692;253;47
691;622;91
690;471;85
689;429;12
688;967;53
687;782;26
686;976;25
685;820;84
684;904;29
683;125;33
682;797;66
681;192;18
680;317;40
679;781;10
678;362;19
677;861;99
676;126;25
675;229;55
674;812;60
673;884;88
672;119;47
671;136;46
670;995;46
669;369;59
668;754;62
667;837;10
666;409;0
665;229;90
664;657;48
663;451;87
662;82;55
661;664;26
660;989;72
659;853;3
658;901;4
657;828;35
656;300;81
655;833;12
654;838;48
653;948;63
652;485;0
651;79;39
650;705;29
649;563;37
648;882;48
647;900;85
646;414;23
645;358;12
644;378;74
643;444;19
642;866;72
641;188;27
640;44;8
639;975;24
638;343;3
637;747;91
636;682;48
635;234;43
634;56;6
633;782;49
632;944;0
631;6;87
630;138;64
629;568;23
628;265;30
627;678;28
626;546;95
625;476;22
624;760;26
623;526;76
622;872;12
621;480;48
620;504;32
619;16;97
618;118;0
617;268;54
616;156;17
615;196;66
614;514;50
613;397;4
612;781;47
611;464;57
610;895;75
609;192;81
608;776;82
607;861;73
606;414;76
605;20;63
604;822;5
603;865;47
602;687;82
601;272;21
600;446;12
599;62;95
598;664;11
597;551;8
596;455;32
595;815;61
594;917;52
593;828;45
592;390;7
591;694;72
590;481;51
589;477;29
588;936;54
587;930;6
586;12;4
585;504;80
584;755;95
583;152;13
582;336;19
581;487;27
580;136;89
579;570;26
578;351;81
577;235;23
576;300;20
575;266;82
574;735;98
573;517;97
572;710;10
571;772;95
570;545;76
569;117;2
568;109;86
567;222;75
566;434;65
565;383;10
564;636;91
563;50;3
562;930;72
561;59;74
560;55;32
559;14;98
558;719;1
557;374;83
556;718;36
555;85;79
554;133;36
553;129;66
552;504;77
551;791;75
550;99;87
549;831;19
548;669;65
547;177;100
546;562;15
545;126;93
544;947;74
543;817;76
542;378;0
541;469;70
540;573;69
539;561;47
538;688;19
537;827;61
536;483;94
535;618;52
534;301;16
533;915;77
532;182;37
531;323;94
530;136;67
529;798;9
528;802;95
527;239;60
526;291;8
525;105;85
524;456;73
523;563;0
522;28;87
521;17;76
520;947;54
519;550;78
518;958;27
517;810;70
516;175;38
515;545;53
514;124;6
513;278;98
512;777;3
511;453;45
510;690;5
509;465;29
508;183;17
507;861;25
506;735;66
505;60;26
504;106;90
503;221;75
502;673;46
501;220;74
500;78;3
499;94;18
498;924;34
497;48;13
496;899;3
495;603;6
494;104;52
493;724;0
492;700;34
491;576;15
490;42;13
489;82;66
488;68;78
487;110;90
486;810;5
485;859;11
484;194;12
483;388;99
482;744;47
481;698;6
480;49;33
479;568;45
478;17;3
477;197;79
476;890;60
475;730;42
474;408;81
473;423;97
472;450;46
471;556;91
470;289;56
469;684;85
468;951;5
467;726;76
466;129;68
465;811;2
464;150;16
463;385;71
462;962;98
461;710;70
460;300;67
459;543;29
458;588;14
457;995;49
456;586;37
455;612;22
454;680;87
453;979;88
452;817;41
451;554;51
450;677;25
449;246;11
448;555;19
447;810;68
446;185;2
445;266;0
444;323;83
443;911;3
442;570;47
441;32;1
440;430;63
439;692;25
438;634;91
437;591;70
436;683;63
435;441;19
434;913;13
433;627;32
432;542;54
431;508;87
430;513;44
429;370;64
428;265;88
427;311;94
426;945;15
425;301;48
424;90;26
423;898;17
422;539;85
421;707;11
420;731;21
419;996;22
418;413;5
417;253;64
416;824;49
415;996;97
414;821;46
413;690;0
412;795;88
411;20;19
410;521;83
409;379;47
408;263;93
407;847;82
406;960;93
405;865;6
404;772;97
403;976;36
402;262;74
401;972;89
400;183;97
399;783;93
398;236;56
397;377;27
396;944;51
395;391;27
394;206;19
393;685;47
392;788;36
391;632;89
390;594;38
389;672;87
388;805;52
387;0;9
386;578;46
385;538;59
384;272;61
383;443;4
382;810;80
381;407;77
380;939;65
379;135;99
378;531;55
377;544;68
376;910;91
375;754;17
374;843;5
373;131;10
372;561;74
371;44;89
370;74;77
369;856;21
368;126;25
367;678;97
366;714;53
365;457;34
364;316;24
363;567;81
362;499;39
361;105;14
360;576;100
359;167;25
358;873;69
357;780;80
356;32;73
355;217;92
354;763;67
353;39;94
352;633;5
351;291;58
350;4;50
349;379;96
348;566;31
347;962;49
346;860;50
345;914;65
344;244;11
343;297;97
342;170;73
341;748;31
340;596;21
339;347;22
338;884;30
337;42;38
336;263;21
335;495;83
334;976;68
333;972;29
332;403;76
331;414;35
330;840;97
329;632;40
328;452;42
327;207;59
326;274;87
325;321;48
324;91;79
323;393;7
322;160;79
321;724;65
320;41;79
319;793;64
318;318;5
317;349;80
316;488;24
315;623;24
314;123;100
313;981;46
312;380;76
311;254;60
310;91;82
309;622;72
308;14;64
307;95;34
306;40;22
305;260;83
304;336;95
303;634;20
302;668;57
301;43;58
300;923;77
299;463;22
298;620;72
297;454;80
296;941;51
295;206;91
294;185;81
293;835;10
292;177;56
291;42;55
290;122;67
289;23;60
288;789;64
287;250;24
286;100;14
285;123;48
284;728;88
283;46;36
282;536;47
281;797;66
280;842;95
279;897;21
278;93;95
277;615;35
276;176;42
275;828;32
274;171;53
273;743;20
272;341;81
271;471;32
270;488;72
269;730;66
268;500;79
267;979;46
266;334;46
265;106;89
264;667;14
263;825;30
262;137;42
261;486;88
260;312;5
259;867;2
258;632;16
257;929;56
256;410;71
255;699;69
254;51;17
253;707;31
252;270;94
251;264;9
250;225;26
249;112;93
248;852;13
247;7;41
246;140;47
245;526;42
244;378;43
243;805;46
242;559;98
241;127;46
240;782;15
239;956;2
238;235;47
237;606;89
236;385;70
235;136;69
234;21;44
233;221;3
232;486;28
231;255;39
230;190;7
229;115;73
228;513;60
227;400;76
226;953;96
225;765;91
224;174;63
223;769;65
222;279;54
221;697;84
220;75;20
219;339;99
218;235;50
217;594;6
216;12;84
215;162;39
214;989;12
213;471;76
212;472;5
211;967;63
210;233;19
209;804;93
208;240;74
207;47;95
206;501;100
205;949;49
204;230;42
203;555;36
202;162;85
201;472;95
200;959;78
199;67;24
198;618;94
197;842;77
196;36;69
195;841;99
194;894;62
193;197;92
192;714;37
191;604;84
190;823;28
189;531;34
188;889;30
187;163;36
186;272;76
185;803;99
184;379;60
183;440;63
182;482;41
181;731;53
180;851;35
179;341;45
178;928;28
177;620;66
176;553;82
175;540;15
174;221;2
173;839;45
172;743;10
171;379;94
170;230;59
169;78;45
168;652;40
167;519;75
166;955;22
165;956;36
164;726;47
163;115;63
162;700;76
161;226;86
160;975;46
159;542;68
158;567;97
157;533;3
156;159;76
155;949;87
154;432;60
153;325;29
152;971;89
151;515;6
150;522;16
149;739;28
148;530;26
147;387;18
146;891;33
145;745;21
144;179;19
143;776;73
142;252;96
141;538;5
140;376;81
139;802;72
138;958;7
137;446;24
136;154;73
135;814;15
134;420;31
133;669;88
132;465;70
131;217;10
130;518;8
129;874;91
128;412;29
127;829;79
126;590;12
125;720;2
124;868;21
123;948;60
122;616;17
121;125;26
120;139;14
119;597;97
118;100;21
117;779;9
116;824;87
115;517;91
114;546;55
113;655;39
112;465;91
111;823;45
110;838;5
109;515;100
108;126;30
107;362;8
106;596;55
105;348;40
104;198;21
103;101;92
102;451;26
101;697;4
100;786;93
99;6;33
98;402;26
97;840;26
96;193;36
95;159;92
94;472;26
93;899;30
92;87;87
91;964;24
90;785;9
89;272;77
88;581;25
87;972;37
86;713;94
85;142;57
84;246;33
83;486;11
82;593;41
81;358;38
80;869;91
79;248;50
78;912;61
77;596;97
76;762;80
75;710;12
74;581;35
73;599;74
72;773;35
71;277;37
70;252;66
69;278;54
68;229;73
67;373;10
66;673;86
65;410;38
64;480;1
63;557;71
62;513;81
61;843;26
60;967;75
59;54;29
58;47;84
57;183;14
56;715;3
55;483;58
54;620;54
53;518;37
52;879;96
51;811;80
50;574;73
49;470;87
48;51;78
47;90;82
46;813;88
45;986;18
44;934;71
43;25;69
42;347;55
41;877;74
40;221;42
39;874;21
38;163;92
37;688;12
36;132;53
35;671;13
34;740;52
33;279;0
32;976;95
31;513;4
30;509;64
29;902;35
28;427;66
27;905;23
26;275;51
25;493;90
24;832;33
23;555;29
22;596;51
21;707;95
20;297;70
19;884;25
18;567;39
17;593;80
16;666;16
15;410;74
14;811;0
13;908;54
12;574;71
11;603;82
10;94;75
9;763;96
8;967;24
7;307;13
6;868;60
5;984;90
4;648;33
3;520;47
2;608;100
1;89;79
