100;63;52
99;93;88
98;62;3
97;19;97
96;89;54
95;84;22
94;94;14
93;58;84
92;95;28
91;12;68
90;16;73
89;34;14
88;10;30
87;20;16
86;26;47
85;77;29
84;8;99
83;86;15
82;71;98
81;86;45
80;81;55
79;60;64
78;15;9
77;50;10
76;41;22
75;60;26
74;10;72
73;29;57
72;74;21
71;95;100
70;27;56
69;39;34
68;40;60
67;30;39
66;45;45
65;68;63
64;19;98
63;69;0
62;94;37
61;37;53
60;66;44
59;36;28
58;75;21
57;3;66
56;67;8
55;68;39
54;18;47
53;69;10
52;49;23
51;1;59
50;19;38
49;41;7
48;89;47
47;57;25
46;68;25
45;96;73
44;13;59
43;51;38
42;71;3
41;49;4
40;62;35
39;91;68
38;91;92
37;55;29
36;28;57
35;63;98
34;75;31
33;88;4
32;63;54
31;68;6
30;49;30
29;24;87
28;52;1
27;56;10
26;57;0
25;72;47
24;66;10
23;86;32
22;69;9
21;90;6
20;26;89
19;8;70
18;45;37
17;64;16
16;23;41
15;46;99
14;4;93
13;43;78
12;31;85
11;85;50
10;55;70
9;42;93
8;41;27
7;97;26
6;19;24
5;85;65
4;12;11
3;18;42
2;7;59
1;50;44
100;25;40
99;45;40
98;63;54
97;49;53
96;36;27
95;10;81
94;55;61
93;8;33
92;23;67
91;3;62
90;66;84
89;10;23
88;8;62
87;70;44
86;50;3
85;96;19
84;71;64
83;30;36
82;23;12
81;60;93
80;70;41
79;18;18
78;18;36
77;20;85
76;25;3
75;32;45
74;94;66
73;77;71
72;42;79
71;22;97
70;97;90
69;52;36
68;14;97
67;55;76
66;46;8
65;59;15
64;22;37
63;67;28
62;50;95
61;69;98
60;93;19
59;88;99
58;49;91
57;11;74
56;50;71
55;96;25
54;66;83
53;83;30
52;12;58
51;86;5
50;74;95
49;54;41
48;26;76
47;93;1
46;61;79
45;94;28
44;11;87
43;14;36
42;10;2
41;80;23
40;76;51
39;30;37
38;39;33
37;39;22
36;67;3
35;10;59
34;64;39
33;13;21
32;3;47
31;51;89
30;73;37
29;88;14
28;96;14
27;94;5
26;31;12
25;16;87
24;57;26
23;31;40
22;81;58
21;49;18
20;9;53
19;1;59
18;9;56
17;12;35
16;62;99
15;25;23
14;1;10
13;40;31
12;57;85
11;11;57
10;83;41
9;65;4
8;78;70
7;32;88
6;79;5
5;60;2
4;14;48
3;7;0
2;31;86
1;46;64
100;6;80
99;4;56
98;70;32
97;21;84
96;96;13
95;2;71
94;80;67
93;12;17
92;21;9
91;60;60
90;26;92
89;72;35
88;37;88
87;12;38
86;64;70
85;40;45
84;13;93
83;0;40
82;48;42
81;82;14
80;9;8
79;76;21
78;68;0
77;56;2
76;86;64
75;43;63
74;48;61
73;60;94
72;64;22
71;47;16
70;15;7
69;44;32
68;7;3
67;23;77
66;59;32
65;73;24
64;55;36
63;89;45
62;43;90
61;88;72
60;57;4
59;78;49
58;44;7
57;39;81
56;11;70
55;18;12
54;65;74
53;82;26
52;37;26
51;47;64
50;86;63
49;83;26
48;0;75
47;87;39
46;64;73
45;60;68
44;76;10
43;38;90
42;74;97
41;60;1
40;41;14
39;66;68
38;68;53
37;15;65
36;10;41
35;0;42
34;25;77
33;38;92
32;23;36
31;78;46
30;97;47
29;21;10
28;69;11
27;67;96
26;19;6
25;52;48
24;0;47
23;9;90
22;22;19
21;9;4
20;91;73
19;41;71
18;49;9
17;14;20
16;53;84
15;75;11
14;1;28
13;5;92
12;23;55
11;89;30
10;65;42
9;51;34
8;45;78
7;13;77
6;71;56
5;14;72
4;9;2
3;15;78
2;93;65
1;88;62
100;62;11
99;5;27
98;93;79
97;20;20
96;40;71
95;39;9
94;40;32
93;95;64
92;43;14
91;25;28
90;81;85
89;44;81
88;50;93
87;56;56
86;91;54
85;56;2
84;42;56
83;35;63
82;4;78
81;32;72
80;55;16
79;59;38
78;25;91
77;62;73
76;9;6
75;65;3
74;92;5
73;30;79
72;83;32
71;77;40
70;80;94
69;55;52
68;49;75
67;68;95
66;89;2
65;42;2
64;49;68
63;32;66
62;76;82
61;56;67
60;38;74
59;36;78
58;55;9
57;51;67
56;85;91
55;95;74
54;38;74
53;11;20
52;23;15
51;2;99
50;98;74
49;65;39
48;69;22
47;59;50
46;69;20
45;22;37
44;61;38
43;32;35
42;94;20
41;13;100
40;41;19
39;0;32
38;85;91
37;73;23
36;0;27
35;8;41
34;20;58
33;25;33
32;14;39
31;55;50
30;87;1
29;18;14
28;97;11
27;50;33
26;89;31
25;69;95
24;25;11
23;85;77
22;44;47
21;66;35
20;45;69
19;84;72
18;45;80
17;18;62
16;61;68
15;42;51
14;62;87
13;26;72
12;64;79
11;98;29
10;92;94
9;32;57
8;17;8
7;79;4
6;36;85
5;7;12
4;97;21
3;42;61
2;12;21
1;41;87
100;66;49
99;71;8
98;91;82
97;26;51
96;24;21
95;43;77
94;15;40
93;76;94
92;9;43
91;88;1
90;52;27
89;32;60
88;8;34
87;50;36
86;50;73
85;38;59
84;53;61
83;84;13
82;80;55
81;24;53
80;2;33
79;34;71
78;21;91
77;36;64
76;81;32
75;90;42
74;3;69
73;84;85
72;10;14
71;85;38
70;98;14
69;18;80
68;59;66
67;60;52
66;86;6
65;23;60
64;38;40
63;96;25
62;13;35
61;81;93
60;56;27
59;18;53
58;52;45
57;96;77
56;30;96
55;40;62
54;26;38
53;2;42
52;53;7
51;65;63
50;35;34
49;13;56
48;31;44
47;20;41
46;27;80
45;75;62
44;29;31
43;23;48
42;64;42
41;93;84
40;27;3
39;68;21
38;44;30
37;44;52
36;14;11
35;56;43
34;23;40
33;83;67
32;77;52
31;58;25
30;97;22
29;76;23
28;93;53
27;80;7
26;87;61
25;7;37
24;82;94
23;7;63
22;20;83
21;82;64
20;48;10
19;65;43
18;98;89
17;13;83
16;64;92
15;25;32
14;79;39
13;40;31
12;57;76
11;97;50
10;25;20
9;11;71
8;3;19
7;45;33
6;78;90
5;88;93
4;31;58
3;74;68
2;0;20
1;62;61
100;90;89
99;31;47
98;77;45
97;84;35
96;96;82
95;40;99
94;77;46
93;68;72
92;16;11
91;40;3
90;69;8
89;39;73
88;37;49
87;92;42
86;61;67
85;53;84
84;41;43
83;10;6
82;0;90
81;92;51
80;6;38
79;67;75
78;71;61
77;23;69
76;39;80
75;81;99
74;22;61
73;74;97
72;12;40
71;9;24
70;49;11
69;67;23
68;18;48
67;40;64
66;31;52
65;38;10
64;66;88
63;16;16
62;18;48
61;20;16
60;7;3
59;9;93
58;87;30
57;44;21
56;69;50
55;40;57
54;30;3
53;30;16
52;21;55
51;23;72
50;61;67
49;66;28
48;37;56
47;47;85
46;72;4
45;75;87
44;35;15
43;2;10
42;38;44
41;50;2
40;64;74
39;49;23
38;86;56
37;69;22
36;13;43
35;47;55
34;16;71
33;34;98
32;8;82
31;12;66
30;91;53
29;30;24
28;59;35
27;23;10
26;43;100
25;57;1
24;61;26
23;38;97
22;2;35
21;89;86
20;69;79
19;90;52
18;82;50
17;59;84
16;62;81
15;71;38
14;5;79
13;48;60
12;25;59
11;86;14
10;88;100
9;91;12
8;95;67
7;91;82
6;74;5
5;51;85
4;8;98
3;72;87
2;15;36
1;50;100
100;11;13
99;82;16
98;4;7
97;29;74
96;38;38
95;30;59
94;52;61
93;65;17
92;79;12
91;70;51
90;70;7
89;25;59
88;7;85
87;41;21
86;31;33
85;33;44
84;31;9
83;36;54
82;62;80
81;28;78
80;56;88
79;6;53
78;69;34
77;23;59
76;51;9
75;72;19
74;40;85
73;59;57
72;70;9
71;45;89
70;70;41
69;37;6
68;83;1
67;68;75
66;77;37
65;52;63
64;19;68
63;91;93
62;17;79
61;24;62
60;38;19
59;76;41
58;89;43
57;14;43
56;1;68
55;38;84
54;73;62
53;59;46
52;35;22
51;52;27
50;65;78
49;43;65
48;74;0
47;0;63
46;50;97
45;87;50
44;96;49
43;83;69
42;47;66
41;98;91
40;84;15
39;98;21
38;55;70
37;89;38
36;77;73
35;27;79
34;7;0
33;77;49
32;78;39
31;18;90
30;56;78
29;30;93
28;57;56
27;2;67
26;39;16
25;14;2
24;59;55
23;17;84
22;84;12
21;79;6
20;52;19
19;51;8
18;24;11
17;32;35
16;35;9
15;39;33
14;73;86
13;59;59
12;27;49
11;13;31
10;62;46
9;69;33
8;61;29
7;51;74
6;69;71
5;58;75
4;23;26
3;71;13
2;35;27
1;69;9
