5000;1476;39
4999;153;12
4998;4768;13
4997;461;31
4996;4644;1
4995;1556;57
4994;2053;98
4993;3602;100
4992;2535;4
4991;4284;3
4990;3387;25
4989;2191;57
4988;4817;75
4987;68;12
4986;1476;32
4985;1691;7
4984;2604;0
4983;2581;41
4982;1041;95
4981;197;80
4980;4662;92
4979;4508;87
4978;467;75
4977;2367;60
4976;3175;56
4975;3458;54
4974;267;60
4973;2760;62
4972;4635;84
4971;3716;45
4970;4505;11
4969;878;33
4968;494;93
4967;1980;100
4966;2728;32
4965;3502;11
4964;2392;0
4963;3600;75
4962;2917;21
4961;4116;20
4960;2289;42
4959;1680;9
4958;790;41
4957;1316;31
4956;2211;65
4955;4771;54
4954;208;12
4953;3898;72
4952;4379;88
4951;260;1
4950;1040;54
4949;77;31
4948;4100;70
4947;2576;0
4946;245;11
4945;1702;7
4944;4413;25
4943;3641;3
4942;2401;89
4941;2143;100
4940;1292;44
4939;1095;91
4938;4131;16
4937;782;26
4936;3524;62
4935;3525;73
4934;308;48
4933;3542;59
4932;845;92
4931;2880;96
4930;619;92
4929;3406;56
4928;4371;9
4927;2390;27
4926;1254;87
4925;571;89
4924;3579;70
4923;2322;18
4922;1592;77
4921;1131;28
4920;226;57
4919;3798;82
4918;2499;19
4917;3047;76
4916;590;83
4915;2512;61
4914;2300;78
4913;2709;27
4912;4004;5
4911;4712;55
4910;1119;60
4909;1138;53
4908;714;16
4907;206;81
4906;4804;28
4905;1640;56
4904;960;83
4903;2649;33
4902;115;71
4901;1798;68
4900;2128;97
4899;3673;66
4898;536;19
4897;1385;32
4896;2337;86
4895;2649;82
4894;4298;48
4893;3940;64
4892;1938;57
4891;1452;42
4890;2682;84
4889;1854;33
4888;2150;9
4887;3291;58
4886;1013;72
4885;3066;36
4884;2038;72
4883;943;81
4882;2609;53
4881;1463;39
4880;26;28
4879;3998;86
4878;2257;71
4877;4346;39
4876;873;60
4875;4772;26
4874;2021;18
4873;1055;14
4872;2157;53
4871;1401;17
4870;2203;96
4869;3401;92
4868;4965;25
4867;3539;14
4866;569;92
4865;1031;57
4864;3199;0
4863;4472;98
4862;2793;99
4861;2061;52
4860;142;66
4859;825;10
4858;4035;42
4857;2252;43
4856;3066;38
4855;727;53
4854;3926;61
4853;3671;10
4852;4858;47
4851;961;83
4850;1026;29
4849;4728;97
4848;70;38
4847;1685;98
4846;3457;70
4845;4443;94
4844;1105;75
4843;1920;27
4842;4671;62
4841;4313;11
4840;4714;23
4839;4584;45
4838;1994;23
4837;1160;68
4836;1723;31
4835;835;22
4834;3900;29
4833;1046;82
4832;4495;13
4831;3368;85
4830;3573;73
4829;922;62
4828;4795;16
4827;1217;78
4826;3271;22
4825;3544;27
4824;29;60
4823;3198;1
4822;3532;33
4821;2134;45
4820;304;92
4819;4332;76
4818;3872;17
4817;4866;88
4816;233;5
4815;1537;72
4814;2512;74
4813;4427;2
4812;3696;88
4811;4335;82
4810;2165;38
4809;1412;17
4808;4002;0
4807;2119;66
4806;3204;63
4805;2385;51
4804;3458;7
4803;2346;90
4802;1589;30
4801;4313;38
4800;1098;71
4799;1636;100
4798;1265;95
4797;1961;27
4796;2735;83
4795;238;85
4794;3773;33
4793;2393;77
4792;1211;38
4791;4328;78
4790;2397;69
4789;1665;5
4788;3768;53
4787;1942;53
4786;2451;56
4785;2525;24
4784;1107;2
4783;1817;58
4782;3863;77
4781;2597;24
4780;118;69
4779;4509;96
4778;4671;45
4777;3061;94
4776;2279;78
4775;4270;5
4774;1042;69
4773;1213;29
4772;4281;95
4771;4041;96
4770;2455;82
4769;1265;70
4768;4829;26
4767;1374;17
4766;1818;56
4765;4234;66
4764;2943;38
4763;876;39
4762;2660;35
4761;2950;37
4760;3112;82
4759;2298;5
4758;1973;39
4757;1645;25
4756;707;21
4755;4185;43
4754;3069;60
4753;1217;89
4752;587;58
4751;925;69
4750;4857;56
4749;994;7
4748;2088;86
4747;1111;63
4746;632;15
4745;2110;60
4744;3933;61
4743;289;60
4742;4639;57
4741;2362;24
4740;3033;29
4739;4341;78
4738;1220;23
4737;2253;36
4736;168;9
4735;4575;90
4734;3890;92
4733;1839;15
4732;446;30
4731;3770;76
4730;2405;37
4729;2533;32
4728;2050;4
4727;1468;79
4726;2038;29
4725;456;19
4724;3924;89
4723;2489;40
4722;1594;57
4721;714;9
4720;2401;86
4719;2655;55
4718;3668;84
4717;585;57
4716;4187;59
4715;3405;45
4714;3890;82
4713;4027;61
4712;1121;58
4711;3778;11
4710;1322;15
4709;4896;66
4708;4701;71
4707;1396;85
4706;4128;9
4705;4108;0
4704;574;76
4703;4768;34
4702;1626;56
4701;4892;20
4700;3912;80
4699;1073;56
4698;642;43
4697;4399;96
4696;4059;52
4695;4657;77
4694;1751;24
4693;4024;24
4692;243;47
4691;2474;15
4690;3839;14
4689;4857;19
4688;2106;16
4687;125;35
4686;1147;70
4685;201;83
4684;4811;96
4683;495;40
4682;3154;39
4681;4925;73
4680;3300;59
4679;3347;89
4678;238;87
4677;4844;41
4676;2086;75
4675;3911;97
4674;3609;22
4673;1752;3
4672;4822;25
4671;3738;52
4670;2580;16
4669;2953;26
4668;3955;95
4667;2929;72
4666;4724;22
4665;2787;9
4664;2476;42
4663;56;98
4662;322;87
4661;232;43
4660;9;41
4659;3458;51
4658;988;66
4657;2946;50
4656;4760;60
4655;4568;47
4654;828;44
4653;4753;22
4652;3135;51
4651;1474;76
4650;3573;49
4649;2221;47
4648;4838;50
4647;3950;62
4646;4321;90
4645;3141;60
4644;3759;83
4643;4463;12
4642;2425;50
4641;3498;96
4640;4857;36
4639;2144;45
4638;2987;57
4637;2704;8
4636;263;41
4635;1988;31
4634;2614;47
4633;2513;54
4632;4768;65
4631;4606;72
4630;4047;51
4629;711;84
4628;300;26
4627;1038;69
4626;2158;85
4625;412;76
4624;4470;57
4623;4231;62
4622;3827;23
4621;521;31
4620;3290;3
4619;4432;97
4618;4102;5
4617;533;36
4616;4957;8
4615;2948;16
4614;800;38
4613;2819;88
4612;4165;97
4611;2828;52
4610;4613;3
4609;2130;83
4608;574;65
4607;950;69
4606;1759;59
4605;4362;79
4604;1042;32
4603;4724;24
4602;1038;36
4601;888;72
4600;1202;59
4599;4739;59
4598;976;99
4597;2147;44
4596;4965;69
4595;549;9
4594;2957;36
4593;2735;87
4592;3222;26
4591;3543;16
4590;3339;64
4589;1778;33
4588;4684;57
4587;4828;7
4586;1795;80
4585;3277;40
4584;1701;98
4583;1519;76
4582;653;49
4581;3387;22
4580;2708;13
4579;1126;88
4578;4929;95
4577;3513;0
4576;3556;70
4575;2418;7
4574;3855;98
4573;3294;51
4572;4370;59
4571;3341;76
4570;862;92
4569;958;83
4568;4957;51
4567;4739;57
4566;3280;100
4565;649;77
4564;4101;14
4563;4388;45
4562;3525;77
4561;4772;76
4560;3200;24
4559;4876;74
4558;2860;50
4557;1870;81
4556;1290;34
4555;4181;84
4554;3242;2
4553;4395;73
4552;1903;27
4551;3984;21
4550;2660;54
4549;4496;18
4548;4067;42
4547;2431;98
4546;1796;60
4545;3926;14
4544;1001;74
4543;4340;98
4542;1804;80
4541;1345;10
4540;2746;42
4539;2962;21
4538;2411;50
4537;2874;31
4536;1850;18
4535;3021;37
4534;2612;54
4533;4677;44
4532;722;71
4531;1721;12
4530;321;62
4529;2677;76
4528;4900;28
4527;4525;45
4526;1661;95
4525;2320;3
4524;527;85
4523;1152;23
4522;567;63
4521;880;30
4520;1351;26
4519;4656;64
4518;4485;8
4517;3910;1
4516;3197;3
4515;4583;7
4514;3147;11
4513;2663;78
4512;2081;30
4511;2122;73
4510;2734;11
4509;3835;16
4508;675;31
4507;2596;50
4506;2554;64
4505;1989;96
4504;4720;90
4503;3521;14
4502;119;56
4501;2802;82
4500;2017;23
4499;2595;78
4498;3239;22
4497;3085;93
4496;4720;4
4495;1685;33
4494;897;82
4493;2179;9
4492;1590;80
4491;2700;25
4490;4861;93
4489;4001;86
4488;2437;13
4487;619;50
4486;370;80
4485;3897;13
4484;3043;22
4483;4066;100
4482;3066;20
4481;2244;60
4480;628;19
4479;1697;9
4478;1532;95
4477;2727;86
4476;4135;94
4475;3923;71
4474;3662;19
4473;3161;29
4472;4483;4
4471;3920;4
4470;3480;34
4469;780;26
4468;1228;96
4467;188;77
4466;3857;65
4465;1130;22
4464;4244;25
4463;1094;9
4462;3948;76
4461;572;37
4460;2216;35
4459;3016;49
4458;2156;19
4457;1431;21
4456;4181;36
4455;3494;6
4454;1522;21
4453;2605;100
4452;1090;41
4451;4926;5
4450;1932;41
4449;1283;10
4448;4930;10
4447;659;13
4446;4519;2
4445;4466;20
4444;4570;80
4443;1090;84
4442;1112;89
4441;146;48
4440;919;24
4439;3935;28
4438;873;87
4437;4802;44
4436;706;99
4435;1468;65
4434;181;39
4433;2674;54
4432;629;41
4431;4984;20
4430;205;51
4429;4967;47
4428;263;33
4427;109;58
4426;174;100
4425;4280;56
4424;3749;47
4423;3849;17
4422;2059;26
4421;1048;77
4420;4922;48
4419;1266;49
4418;3885;93
4417;231;1
4416;2237;29
4415;1269;43
4414;3249;87
4413;1873;60
4412;2454;26
4411;4522;74
4410;2202;22
4409;192;53
4408;496;56
4407;2668;11
4406;2593;98
4405;2779;51
4404;1890;63
4403;1552;33
4402;1881;74
4401;4534;40
4400;3126;53
4399;2521;50
4398;1322;71
4397;4521;46
4396;264;16
4395;2717;87
4394;2005;74
4393;4134;6
4392;1989;99
4391;2146;29
4390;4783;24
4389;1318;75
4388;4166;68
4387;2016;0
4386;2382;87
4385;557;75
4384;916;43
4383;4233;44
4382;677;81
4381;3413;6
4380;1121;5
4379;1192;28
4378;1763;20
4377;3126;69
4376;2494;87
4375;3394;36
4374;313;53
4373;2464;24
4372;2336;16
4371;1683;44
4370;2913;11
4369;3951;70
4368;3835;57
4367;914;63
4366;3716;37
4365;4831;79
4364;2370;66
4363;1766;35
4362;3565;60
4361;599;72
4360;4122;52
4359;1085;66
4358;791;40
4357;193;46
4356;124;73
4355;4806;75
4354;2713;77
4353;2315;72
4352;4726;5
4351;429;20
4350;4781;41
4349;489;50
4348;3025;83
4347;3094;30
4346;2122;28
4345;239;3
4344;202;54
4343;3009;47
4342;3703;12
4341;4628;55
4340;1134;76
4339;3190;35
4338;1032;51
4337;3088;84
4336;3813;61
4335;816;16
4334;4480;81
4333;2925;6
4332;3200;22
4331;2818;51
4330;209;14
4329;1445;76
4328;4636;98
4327;1487;5
4326;4239;47
4325;1450;81
4324;614;90
4323;599;21
4322;19;29
4321;3035;90
4320;3054;98
4319;1130;98
4318;3340;49
4317;1976;23
4316;1974;77
4315;1317;54
4314;298;32
4313;1588;95
4312;3632;54
4311;451;35
4310;4821;75
4309;3594;33
4308;501;2
4307;1898;54
4306;3138;64
4305;1551;47
4304;3942;21
4303;741;58
4302;1133;77
4301;1252;58
4300;2823;4
4299;2481;84
4298;4000;26
4297;2397;29
4296;2115;34
4295;47;100
4294;298;21
4293;4835;55
4292;1425;12
4291;2614;100
4290;2845;63
4289;3773;82
4288;2569;43
4287;3502;1
4286;129;67
4285;4623;78
4284;814;59
4283;3099;62
4282;209;43
4281;4835;87
4280;233;55
4279;4161;54
4278;3154;63
4277;4572;4
4276;1954;49
4275;870;53
4274;2707;19
4273;1097;72
4272;3149;59
4271;3307;48
4270;2787;86
4269;807;45
4268;1592;83
4267;10;14
4266;1493;87
4265;3360;10
4264;1156;22
4263;4636;96
4262;3974;31
4261;4706;78
4260;1558;25
4259;2821;27
4258;600;50
4257;3580;62
4256;1307;76
4255;3617;81
4254;366;19
4253;2254;31
4252;3902;91
4251;2875;2
4250;4643;48
4249;3759;73
4248;4953;86
4247;4927;65
4246;1979;77
4245;1237;22
4244;1110;17
4243;715;2
4242;990;48
4241;4032;40
4240;3252;99
4239;3003;70
4238;1200;99
4237;1703;69
4236;152;81
4235;1043;59
4234;2832;2
4233;2247;82
4232;3484;32
4231;1576;91
4230;3793;55
4229;2230;6
4228;1719;7
4227;3338;11
4226;2114;8
4225;2567;32
4224;722;35
4223;4982;62
4222;2439;35
4221;2511;94
4220;1733;77
4219;779;11
4218;350;59
4217;2891;38
4216;1783;43
4215;291;78
4214;4719;83
4213;730;86
4212;4098;84
4211;2774;2
4210;1498;35
4209;70;78
4208;924;27
4207;2022;82
4206;1630;93
4205;4163;67
4204;2136;53
4203;1081;18
4202;3799;67
4201;1931;62
4200;834;62
4199;4118;16
4198;2701;78
4197;3030;31
4196;624;50
4195;1815;26
4194;2585;24
4193;2408;8
4192;4890;99
4191;1949;18
4190;4831;64
4189;2207;69
4188;4006;10
4187;3317;2
4186;495;21
4185;750;73
4184;3302;63
4183;3479;48
4182;4909;1
4181;3422;35
4180;4559;49
4179;1253;99
4178;2618;19
4177;1372;94
4176;4543;90
4175;1043;97
4174;2278;58
4173;18;11
4172;280;51
4171;2956;70
4170;1298;93
4169;1913;10
4168;2659;66
4167;3168;95
4166;816;92
4165;961;55
4164;4694;78
4163;4081;12
4162;3564;18
4161;4562;57
4160;2377;23
4159;3756;73
4158;134;73
4157;1005;71
4156;4601;7
4155;3702;21
4154;2584;55
4153;827;45
4152;4154;71
4151;767;92
4150;1255;75
4149;2124;22
4148;2481;79
4147;4567;43
4146;4049;36
4145;3868;30
4144;3284;63
4143;1561;23
4142;3355;80
4141;4129;95
4140;3818;100
4139;322;40
4138;2761;96
4137;1585;87
4136;339;4
4135;3495;94
4134;144;31
4133;4059;48
4132;4047;50
4131;4769;4
4130;4084;11
4129;540;9
4128;2521;22
4127;2315;30
4126;2555;53
4125;908;75
4124;4409;39
4123;279;91
4122;577;37
4121;3645;48
4120;4136;3
4119;3948;42
4118;4056;47
4117;1481;3
4116;520;62
4115;3015;37
4114;3093;14
4113;406;28
4112;2903;92
4111;1655;54
4110;4342;66
4109;4830;83
4108;2381;31
4107;825;59
4106;1547;11
4105;496;38
4104;448;34
4103;110;51
4102;60;85
4101;990;24
4100;3827;86
4099;4726;26
4098;345;37
4097;4193;82
4096;114;17
4095;3522;91
4094;1401;24
4093;2020;36
4092;871;28
4091;2753;26
4090;4546;69
4089;3314;53
4088;4724;23
4087;2350;96
4086;1070;16
4085;2538;70
4084;2222;21
4083;4370;69
4082;4688;69
4081;3279;7
4080;1914;91
4079;4567;66
4078;4587;13
4077;1374;69
4076;1713;42
4075;4971;93
4074;2524;99
4073;2507;45
4072;3907;8
4071;3807;70
4070;2102;66
4069;298;18
4068;1390;98
4067;4473;89
4066;1455;44
4065;1130;84
4064;1413;9
4063;1653;91
4062;2637;65
4061;3459;25
4060;3681;15
4059;787;44
4058;3942;85
4057;4415;85
4056;2052;60
4055;510;32
4054;1066;53
4053;2121;64
4052;1685;8
4051;4036;66
4050;3455;16
4049;1269;43
4048;1181;3
4047;2475;1
4046;4843;36
4045;170;55
4044;2511;69
4043;3094;80
4042;3066;86
4041;3053;73
4040;3945;23
4039;3187;70
4038;647;64
4037;1785;79
4036;3350;46
4035;1025;15
4034;1344;91
4033;3277;86
4032;1945;31
4031;4283;0
4030;3417;64
4029;2921;2
4028;3518;24
4027;4238;38
4026;665;51
4025;372;60
4024;3990;57
4023;2454;35
4022;1272;64
4021;4529;32
4020;2715;29
4019;1917;61
4018;2793;43
4017;490;99
4016;585;75
4015;322;8
4014;1822;10
4013;1383;1
4012;2092;62
4011;4936;15
4010;3908;6
4009;1926;30
4008;4783;53
4007;1716;52
4006;1038;95
4005;1796;33
4004;4196;92
4003;509;96
4002;806;18
4001;1525;89
