100;54;27
99;8;34
98;9;30
97;97;3
96;89;60
95;55;89
94;0;4
93;90;97
92;53;5
91;56;42
90;38;41
89;59;83
88;24;90
87;7;16
86;35;90
85;70;90
84;90;80
83;23;35
82;11;55
81;58;2
80;97;76
79;23;44
78;50;60
77;28;59
76;91;24
75;33;30
74;86;8
73;25;70
72;61;74
71;75;14
70;10;76
69;9;30
68;31;82
67;10;31
66;27;85
65;70;29
64;44;92
63;63;71
62;38;62
61;93;73
60;57;50
59;27;9
58;9;100
57;58;19
56;67;6
55;15;97
54;88;25
53;21;70
52;13;57
51;4;95
50;9;45
49;58;11
48;8;95
47;14;43
46;32;70
45;90;41
44;34;81
43;51;85
42;1;41
41;93;78
40;54;70
39;8;90
38;98;5
37;95;73
36;30;48
35;69;62
34;7;23
33;39;46
32;89;95
31;8;98
30;50;12
29;20;53
28;69;97
27;18;58
26;65;62
25;96;87
24;13;34
23;94;26
22;45;1
21;85;2
20;32;22
19;20;21
18;14;25
17;96;79
16;84;41
15;6;4
14;76;65
13;71;7
12;1;10
11;0;61
10;7;61
9;61;11
8;11;44
7;55;78
6;55;84
5;83;55
4;33;0
3;16;25
2;41;59
1;52;75
100;1;34
99;17;49
98;15;18
97;39;73
96;68;4
95;5;56
94;73;95
93;50;65
92;26;41
91;47;91
90;95;82
89;33;42
88;4;46
87;2;51
86;41;100
85;46;81
84;42;11
83;10;13
82;37;99
81;13;46
80;78;56
79;80;97
78;79;75
77;38;81
76;47;27
75;16;12
74;48;90
73;22;21
72;2;36
71;41;71
70;9;13
69;15;63
68;21;82
67;89;21
66;84;93
65;20;69
64;43;75
63;16;16
62;58;87
61;61;27
60;40;3
59;7;19
58;59;88
57;97;98
56;5;72
55;49;72
54;26;7
53;87;80
52;17;91
51;36;86
50;47;57
49;74;97
48;61;3
47;39;67
46;20;77
45;66;23
44;49;13
43;97;5
42;61;67
41;1;15
40;22;86
39;86;17
38;20;74
37;40;15
36;72;62
35;33;67
34;14;87
33;76;7
32;97;56
31;90;95
30;49;57
29;50;46
28;87;33
27;25;71
26;18;7
25;54;14
24;91;83
23;60;47
22;87;77
21;83;57
20;33;49
19;74;66
18;42;7
17;37;63
16;32;31
15;10;22
14;29;74
13;94;66
12;37;1
11;18;11
10;20;2
9;9;76
8;93;20
7;23;53
6;61;60
5;65;30
4;16;45
3;73;33
2;12;5
1;89;72
100;82;27
99;91;31
98;15;16
97;50;10
96;66;16
95;56;64
94;82;87
93;78;15
92;58;76
91;48;48
90;32;92
89;17;78
88;79;20
87;56;72
86;14;64
85;79;38
84;6;15
83;84;28
82;95;45
81;92;33
80;77;71
79;30;72
78;43;72
77;75;5
76;2;88
75;59;100
74;14;91
73;59;18
72;17;47
71;77;90
70;98;40
69;74;27
68;89;76
67;48;68
66;27;17
65;93;36
64;25;51
63;24;96
62;30;72
61;97;24
60;90;45
59;2;88
58;67;99
57;62;97
56;36;12
55;22;67
54;21;44
53;8;79
52;19;14
51;25;82
50;70;59
49;54;55
48;27;2
47;42;16
46;88;19
45;21;84
44;14;38
43;15;29
42;31;63
41;89;91
40;69;15
39;21;36
38;20;15
37;21;66
36;62;51
35;5;72
34;93;82
33;89;26
32;32;26
31;76;81
30;28;49
29;20;58
28;61;71
27;5;64
26;67;37
25;17;25
24;32;15
23;97;89
22;36;13
21;27;67
20;52;81
19;50;61
18;81;89
17;30;54
16;41;33
15;6;21
14;52;80
13;4;72
12;77;79
11;19;92
10;49;39
9;96;93
8;84;88
7;97;57
6;50;21
5;6;65
4;36;88
3;51;10
2;3;23
1;59;66
100;3;75
99;97;27
98;74;96
97;72;99
96;66;72
95;67;43
94;50;14
93;33;11
92;77;65
91;86;74
90;83;58
89;9;51
88;53;15
87;85;10
86;34;93
85;4;7
84;98;97
83;66;3
82;32;79
81;53;82
80;77;100
79;60;25
78;98;65
77;4;24
76;28;45
75;12;88
74;51;84
73;71;88
72;83;83
71;25;83
70;96;85
69;42;89
68;1;91
67;1;99
66;37;100
65;68;50
64;35;84
63;33;5
62;55;59
61;83;86
60;74;32
59;3;49
58;8;95
57;67;91
56;9;34
55;33;50
54;84;32
53;51;20
52;86;10
51;36;28
50;33;72
49;60;90
48;87;29
47;71;63
46;89;68
45;39;72
44;72;42
43;87;90
42;12;61
41;67;23
40;84;27
39;57;99
38;57;83
37;56;12
36;65;93
35;29;20
34;7;54
33;50;94
32;66;22
31;57;99
30;23;53
29;87;83
28;21;42
27;95;20
26;66;89
25;73;34
24;8;49
23;97;54
22;33;12
21;55;55
20;46;86
19;75;35
18;6;0
17;79;15
16;52;92
15;24;74
14;44;21
13;73;56
12;38;47
11;71;72
10;23;51
9;44;69
8;65;28
7;78;4
6;97;87
5;0;76
4;70;46
3;23;31
2;76;74
1;48;68
100;17;5
99;16;100
98;52;21
97;33;35
96;74;19
95;95;84
94;13;7
93;90;17
92;35;79
91;36;40
90;29;8
89;65;85
88;26;2
87;38;18
86;74;57
85;50;13
84;51;7
83;9;3
82;6;91
81;88;44
80;71;23
79;13;10
78;10;0
77;80;49
76;48;87
75;73;53
74;31;84
73;75;84
72;41;1
71;26;45
70;54;11
69;14;45
68;27;48
67;33;40
66;44;94
65;41;74
64;36;78
63;11;20
62;93;90
61;83;42
60;9;66
59;78;5
58;77;43
57;73;47
56;4;16
55;34;2
54;22;37
53;73;95
52;97;14
51;27;32
50;40;74
49;87;31
48;70;25
47;59;75
46;92;27
45;1;64
44;27;32
43;31;62
42;95;70
41;24;20
40;25;29
39;91;36
38;56;17
37;10;49
36;37;85
35;5;4
34;74;36
33;9;17
32;34;86
31;15;34
30;70;7
29;65;90
28;89;43
27;44;84
26;3;99
25;33;31
24;33;64
23;27;96
22;62;90
21;15;17
20;84;38
19;94;16
18;22;67
17;42;47
16;5;79
15;29;62
14;62;85
13;5;48
12;9;50
11;18;78
10;28;83
9;17;31
8;52;86
7;2;31
6;67;78
5;25;96
4;87;11
3;51;40
2;31;100
1;3;43
100;61;70
99;15;82
98;9;12
97;33;22
96;85;48
95;7;72
94;60;40
93;68;84
92;64;13
91;95;96
90;17;49
89;20;86
88;52;53
87;60;23
86;23;58
85;47;28
84;4;15
83;25;76
82;93;93
81;96;80
80;45;51
79;35;27
78;84;13
77;96;70
76;10;38
75;95;32
74;75;60
73;40;4
72;57;54
71;27;93
70;37;80
69;83;94
68;15;5
67;73;97
66;94;54
65;35;88
64;82;87
63;60;49
62;63;34
61;58;0
60;21;30
59;69;60
58;60;63
57;97;23
56;28;36
55;16;21
54;24;24
53;50;73
52;5;47
51;66;2
50;13;47
49;92;40
48;8;6
47;78;83
46;66;88
45;11;60
44;24;48
43;9;46
42;75;77
41;17;70
40;96;54
39;39;61
38;82;46
37;9;26
36;81;37
35;45;66
34;23;85
33;64;87
32;81;16
31;68;20
30;77;75
29;95;37
28;91;35
27;38;23
26;22;36
25;75;43
24;94;36
23;6;12
22;86;31
21;76;5
20;68;75
19;9;39
18;48;97
17;44;28
16;11;21
15;33;26
14;76;57
13;54;20
12;67;36
11;97;6
10;58;22
9;20;86
8;33;60
7;44;92
6;88;80
5;9;57
4;45;15
3;51;26
2;19;87
1;40;98
100;9;15
99;16;11
98;2;20
97;23;48
96;17;71
95;32;65
94;67;43
93;15;46
92;80;66
91;35;19
90;47;9
89;7;14
88;74;43
87;36;12
86;14;52
85;48;63
84;12;45
83;86;40
82;75;15
81;52;72
80;75;48
79;61;52
78;57;46
77;24;69
76;60;82
75;52;97
74;78;54
73;39;19
72;54;64
71;54;27
70;33;94
69;67;31
68;90;38
67;29;4
66;96;79
65;42;31
64;59;61
63;5;20
62;57;53
61;57;31
60;79;95
59;91;68
58;56;40
57;45;3
56;57;4
55;84;32
54;11;45
53;77;55
52;83;86
51;14;41
50;91;92
49;16;89
48;54;14
47;29;79
46;69;44
45;30;26
44;83;31
43;25;67
42;58;54
41;61;32
40;14;57
39;16;69
38;38;88
37;28;64
36;34;84
35;68;86
34;23;68
33;62;19
32;24;61
31;60;32
30;28;37
29;6;29
28;58;97
27;76;1
26;29;29
25;73;41
24;54;4
23;7;51
22;0;86
21;69;78
20;6;61
19;23;35
18;58;35
17;78;45
16;92;87
15;12;96
14;38;55
13;27;8
12;34;94
11;84;36
10;63;22
9;38;54
8;53;76
7;81;58
6;41;11
5;75;9
4;53;100
3;44;38
2;74;0
1;40;83
100;82;40
99;12;44
98;27;27
97;58;19
96;61;66
95;57;19
94;14;79
93;81;32
92;92;91
91;94;6
90;90;30
89;27;100
88;16;95
87;43;6
86;48;10
85;72;15
84;39;51
83;75;16
82;88;99
81;38;86
80;53;14
79;39;96
78;23;3
77;65;96
76;52;53
75;27;14
74;79;40
73;54;33
72;74;26
71;61;53
70;51;45
69;45;5
68;74;83
67;93;47
66;95;56
65;95;23
64;8;81
63;6;78
62;24;29
61;97;56
60;6;80
59;47;10
58;76;15
57;20;30
56;81;86
55;86;26
54;87;8
53;71;39
52;48;63
51;36;10
50;74;83
49;79;60
48;43;56
47;7;68
46;55;80
45;20;21
44;68;18
43;59;19
42;69;81
41;8;31
40;54;69
39;97;98
38;92;50
37;18;70
36;81;6
35;36;47
34;5;46
33;71;27
32;46;5
31;31;22
30;4;64
29;31;4
28;2;58
27;94;34
26;80;53
25;77;6
24;95;24
23;38;74
22;27;37
21;8;57
20;70;5
19;14;82
18;48;54
17;35;91
16;94;65
15;0;89
14;6;28
13;73;6
12;81;2
11;69;5
10;62;2
9;30;12
8;80;3
7;83;63
6;89;30
5;74;53
4;47;99
3;29;97
2;36;45
1;4;27
100;47;32
99;72;65
98;72;63
97;61;77
96;24;81
95;74;91
94;56;0
93;13;15
92;45;44
91;57;9
90;9;60
89;52;27
88;39;55
87;85;25
86;87;65
85;5;90
84;17;23
83;65;36
82;8;94
81;65;13
80;78;48
79;40;79
78;74;45
77;17;60
76;88;25
75;82;87
74;26;80
73;26;82
72;1;87
71;56;18
70;94;63
69;14;92
68;0;79
67;35;1
66;37;81
65;17;79
64;34;59
63;98;52
62;29;49
61;24;78
60;71;46
59;87;2
58;30;23
57;15;90
56;83;76
55;39;79
54;62;95
53;97;20
52;50;86
51;7;48
50;71;56
49;28;31
48;65;90
47;93;66
46;87;60
45;39;21
44;47;3
43;67;83
42;78;56
41;44;12
40;60;41
39;93;70
38;94;99
37;28;47
36;7;79
35;66;82
34;24;79
33;46;42
32;84;33
31;38;31
30;38;78
29;13;15
28;55;41
27;81;20
26;97;2
25;44;99
24;82;89
23;44;75
22;2;68
21;91;48
20;12;38
19;60;49
18;97;28
17;35;94
16;0;87
15;91;7
14;97;50
13;23;5
12;24;1
11;13;57
10;72;15
9;64;71
8;43;71
7;29;30
6;2;30
5;6;13
4;67;98
3;60;58
2;37;59
1;80;64
100;34;32
99;52;13
98;10;90
97;40;5
96;40;57
95;64;27
94;78;29
93;65;41
92;18;54
91;11;37
90;77;18
89;48;29
88;69;95
87;97;39
86;7;78
85;12;9
84;11;24
83;32;67
82;16;21
81;72;13
80;87;93
79;90;22
78;19;47
77;35;41
76;47;16
75;76;95
74;16;14
73;57;28
72;59;24
71;16;90
70;19;38
69;48;65
68;52;37
67;63;35
66;84;14
65;24;57
64;73;71
63;1;91
62;91;68
61;50;22
60;89;4
59;2;48
58;74;51
57;12;26
56;47;70
55;32;69
54;55;79
53;58;97
52;0;92
51;41;12
50;29;59
49;65;79
48;37;59
47;11;87
46;1;43
45;33;23
44;22;42
43;59;45
42;13;67
41;93;50
40;16;90
39;89;64
38;5;2
37;4;18
36;77;57
35;28;8
34;82;70
33;33;34
32;81;23
31;19;58
30;74;67
29;84;17
28;64;36
27;76;27
26;78;63
25;19;24
24;20;67
23;78;75
22;66;35
21;72;26
20;59;72
19;85;98
18;31;35
17;37;24
16;92;89
15;72;9
14;48;53
13;39;2
12;1;53
11;83;21
10;7;29
9;10;12
8;98;100
7;50;70
6;9;39
5;2;83
4;57;72
3;7;53
2;29;61
1;54;1
100;59;29
99;59;88
98;90;76
97;4;42
96;75;12
95;65;28
94;70;5
93;29;64
92;37;67
91;62;63
90;87;93
89;75;20
88;80;12
87;27;93
86;12;7
85;20;56
84;66;76
83;88;34
82;59;70
81;5;58
80;81;89
79;90;3
78;28;35
77;6;5
76;44;35
75;20;0
74;67;97
73;36;19
72;49;37
71;89;22
70;54;88
69;85;41
68;85;36
67;25;32
66;63;70
65;27;31
64;82;78
63;95;14
62;72;77
61;63;23
60;51;28
59;9;47
58;89;1
57;3;23
56;15;85
55;45;8
54;96;90
53;32;50
52;47;3
51;54;64
50;24;71
49;72;90
48;37;100
47;14;7
46;28;13
45;65;82
44;88;9
43;47;70
42;5;22
41;60;33
40;25;14
39;8;83
38;83;96
37;57;79
36;79;3
35;93;28
34;63;20
33;48;8
32;11;8
31;32;19
30;35;92
29;35;55
28;25;55
27;38;83
26;21;85
25;38;43
24;15;91
23;6;97
22;96;20
21;72;69
20;76;73
19;75;36
18;94;74
17;43;61
16;98;97
15;68;49
14;81;53
13;76;47
12;61;75
11;32;16
10;61;88
9;29;19
8;70;69
7;61;53
6;29;23
5;21;32
4;72;90
3;5;79
2;73;67
1;28;84
100;49;64
99;82;1
98;60;68
97;45;15
96;97;28
95;74;34
94;0;33
93;30;35
92;98;15
91;0;54
90;35;85
89;12;14
88;45;7
87;66;24
86;83;12
85;40;82
84;63;10
83;73;84
82;40;59
81;85;33
80;23;82
79;66;25
78;82;59
77;9;50
76;28;64
75;35;31
74;41;11
73;18;1
72;3;26
71;15;96
70;44;5
69;73;94
68;73;57
67;10;38
66;29;20
65;55;26
64;35;76
63;77;59
62;63;70
61;93;100
60;15;51
59;27;69
58;35;27
57;14;16
56;68;52
55;53;79
54;75;19
53;48;89
52;33;90
51;70;71
50;7;9
49;16;44
48;14;41
47;34;21
46;34;73
45;14;31
44;25;73
43;87;38
42;36;28
41;30;47
40;35;86
39;90;22
38;32;91
37;22;40
36;17;67
35;25;58
34;29;48
33;39;49
32;85;25
31;84;98
30;74;25
29;87;86
28;82;62
27;98;13
26;90;45
25;78;20
24;43;78
23;83;94
22;40;69
21;34;12
20;41;11
19;37;94
18;29;6
17;10;40
16;33;45
15;80;55
14;74;4
13;95;98
12;70;7
11;57;22
10;1;43
9;57;97
8;59;53
7;83;54
6;62;67
5;93;77
4;34;49
3;75;99
2;54;72
1;36;23
100;38;88
99;82;65
98;15;2
97;44;24
96;52;40
95;27;38
94;63;87
93;56;36
92;32;95
91;59;64
90;85;12
89;37;6
88;7;11
87;46;88
86;58;9
85;4;23
84;13;80
83;75;97
82;0;15
81;97;28
80;36;40
79;44;49
78;29;8
77;41;65
76;79;68
75;54;90
74;4;57
73;21;16
72;60;74
71;66;79
70;86;66
69;91;38
68;46;65
67;5;87
66;63;12
65;77;38
64;64;20
63;29;41
62;86;43
61;41;10
60;13;0
59;54;56
58;71;57
57;5;3
56;49;14
55;21;57
54;46;67
53;22;29
52;24;49
51;81;11
50;18;13
49;11;53
48;67;89
47;43;40
46;25;86
45;79;64
44;20;26
43;23;100
42;39;76
41;47;89
40;67;82
39;27;4
38;1;6
37;81;17
36;81;40
35;0;81
34;40;41
33;52;24
32;43;35
31;19;88
30;37;2
29;6;18
28;78;43
27;46;52
26;92;37
25;4;32
24;59;96
23;23;100
22;56;84
21;65;74
20;62;17
19;6;71
18;85;47
17;90;71
16;12;60
15;25;19
14;41;96
13;66;95
12;89;77
11;25;26
10;18;68
9;13;51
8;94;32
7;7;89
6;92;8
5;57;12
4;4;70
3;95;17
2;65;33
1;58;56
100;34;63
99;7;73
98;91;76
97;66;99
96;75;85
95;80;67
94;67;75
93;36;42
92;22;86
91;6;80
90;96;87
89;11;21
88;7;80
87;31;42
86;94;97
85;38;45
84;80;93
83;40;77
82;8;47
81;38;57
80;63;16
79;22;47
78;44;86
77;78;47
76;43;54
75;9;71
74;45;62
73;11;52
72;88;0
71;12;88
70;6;80
69;52;99
68;18;93
67;41;6
66;16;100
65;57;30
64;56;69
63;76;29
62;96;80
61;82;8
60;28;82
59;49;18
58;46;15
57;49;47
56;8;79
55;30;20
54;36;27
53;19;48
52;43;12
51;28;36
50;82;90
49;18;58
48;23;92
47;16;62
46;11;69
45;56;73
44;75;22
43;49;11
42;74;23
41;21;51
40;92;69
39;88;33
38;48;73
37;98;29
36;20;33
35;96;27
34;65;65
33;7;30
32;2;37
31;82;60
30;20;58
29;16;4
28;44;73
27;27;80
26;51;43
25;73;56
24;62;44
23;89;18
22;74;83
21;12;79
20;52;50
19;15;44
18;51;59
17;18;98
16;96;61
15;44;54
14;31;31
13;22;55
12;41;77
11;26;12
10;30;23
9;76;42
8;39;44
7;54;98
6;7;34
5;78;0
4;82;54
3;35;8
2;31;65
1;2;39
100;63;82
99;40;24
98;34;100
97;13;81
96;68;57
95;75;42
94;65;9
93;83;38
92;33;90
91;34;93
90;77;94
89;97;25
88;6;59
87;29;73
86;46;46
85;13;81
84;81;26
83;69;28
82;33;11
81;74;20
80;74;67
79;77;72
78;93;73
77;63;22
76;98;20
75;26;92
74;26;37
73;35;0
72;44;34
71;44;0
70;44;86
69;4;67
68;33;40
67;3;18
66;70;64
65;58;1
64;28;53
63;80;82
62;70;28
61;2;87
60;85;59
59;69;46
58;49;53
57;66;27
56;28;63
55;35;66
54;84;8
53;16;48
52;47;48
51;1;55
50;59;37
49;85;54
48;92;10
47;77;61
46;2;69
45;40;7
44;81;94
43;83;37
42;76;59
41;32;5
40;71;7
39;57;96
38;10;34
37;98;34
36;19;79
35;63;25
34;8;28
33;61;4
32;16;92
31;12;53
30;86;85
29;49;57
28;6;54
27;51;89
26;87;41
25;10;71
24;67;49
23;24;13
22;72;45
21;12;37
20;56;46
19;57;35
18;28;68
17;14;3
16;78;23
15;79;56
14;70;59
13;64;64
12;0;68
11;8;38
10;63;68
9;90;47
8;36;15
7;13;31
6;40;82
5;65;33
4;40;48
3;63;44
2;14;39
1;55;79
100;98;35
99;31;26
98;17;74
97;98;22
96;97;17
95;28;83
94;50;51
93;45;49
92;63;29
91;29;60
90;76;33
89;32;40
88;59;65
87;57;41
86;29;26
85;19;95
84;64;20
83;60;36
82;31;65
81;2;31
80;91;71
79;55;83
78;50;58
77;41;27
76;64;36
75;89;47
74;76;55
73;93;37
72;60;47
71;53;80
70;21;15
69;63;11
68;80;18
67;0;36
66;91;79
65;88;69
64;54;70
63;4;25
62;49;10
61;78;94
60;19;15
59;77;7
58;11;86
57;5;94
56;38;70
55;7;20
54;30;18
53;74;21
52;90;81
51;85;3
50;18;94
49;9;51
48;36;1
47;50;51
46;10;15
45;41;17
44;14;83
43;76;76
42;20;67
41;68;41
40;95;39
39;41;45
38;27;60
37;0;99
36;37;71
35;36;18
34;13;88
33;83;83
32;67;12
31;9;85
30;48;12
29;46;81
28;79;35
27;13;89
26;42;4
25;3;98
24;33;36
23;79;9
22;27;10
21;91;15
20;93;33
19;64;92
18;74;75
17;29;60
16;38;29
15;15;98
14;34;73
13;50;63
12;72;60
11;23;63
10;24;88
9;71;61
8;76;50
7;30;83
6;74;96
5;41;30
4;79;7
3;83;27
2;71;86
1;33;77
100;82;61
99;8;6
98;96;85
97;53;52
96;3;55
95;68;65
94;14;66
93;46;69
92;34;95
91;50;45
90;93;46
89;82;8
88;98;60
87;62;5
86;54;98
85;24;43
84;50;23
83;97;5
82;4;98
81;84;45
80;54;76
79;91;15
78;33;37
77;94;38
76;94;11
75;55;81
74;77;50
73;13;33
72;75;24
71;62;79
70;62;13
69;17;46
68;33;50
67;8;3
66;3;96
65;82;57
64;41;55
63;55;77
62;74;63
61;52;39
60;1;59
59;84;73
58;9;55
57;92;55
56;27;22
55;33;86
54;55;12
53;22;54
52;41;42
51;68;81
50;12;73
49;60;78
48;58;64
47;94;6
46;42;16
45;57;25
44;18;47
43;2;37
42;29;48
41;91;12
40;18;52
39;13;17
38;49;93
37;17;97
36;57;96
35;1;58
34;91;23
33;53;35
32;37;80
31;83;15
30;85;85
29;82;39
28;85;72
27;61;89
26;89;59
25;60;88
24;95;81
23;69;2
22;86;72
21;68;14
20;10;45
19;2;34
18;90;80
17;18;22
16;88;83
15;12;12
14;7;46
13;27;90
12;62;81
11;90;86
10;17;40
9;17;64
8;64;20
7;94;70
6;62;24
5;17;84
4;39;62
3;4;58
2;45;79
1;29;43
100;60;57
99;63;67
98;40;47
97;31;50
96;55;27
95;73;91
94;72;36
93;37;50
92;50;1
91;72;89
90;71;68
89;48;45
88;51;21
87;84;95
86;2;12
85;68;59
84;19;56
83;39;29
82;47;68
81;18;57
80;61;63
79;60;20
78;43;2
77;36;87
76;70;58
75;15;4
74;52;30
73;25;71
72;87;74
71;67;92
70;82;11
69;86;49
68;94;52
67;98;77
66;23;58
65;61;49
64;40;97
63;54;56
62;68;41
61;82;11
60;84;13
59;15;96
58;13;28
57;43;41
56;0;58
55;88;46
54;1;38
53;13;61
52;21;62
51;24;61
50;52;39
49;83;24
48;85;63
47;41;84
46;41;81
45;52;28
44;51;48
43;13;36
42;50;2
41;93;84
40;69;41
39;0;97
38;31;20
37;73;34
36;88;52
35;35;56
34;81;57
33;73;58
32;70;27
31;96;18
30;46;11
29;38;5
28;85;13
27;40;23
26;59;72
25;7;75
24;13;29
23;65;52
22;3;43
21;86;32
20;15;29
19;37;24
18;4;16
17;48;70
16;17;31
15;57;71
14;83;83
13;45;44
12;44;37
11;14;42
10;31;79
9;17;5
8;27;69
7;38;72
6;7;32
5;17;53
4;52;34
3;72;99
2;27;43
1;36;23
100;0;67
99;64;43
98;73;47
97;95;32
96;11;84
95;66;46
94;9;40
93;7;88
92;59;97
91;32;30
90;41;38
89;58;90
88;2;39
87;37;25
86;20;4
85;65;90
84;38;45
83;54;60
82;87;39
81;20;30
80;38;74
79;79;96
78;71;21
77;29;15
76;80;63
75;88;76
74;56;60
73;25;17
72;23;95
71;19;38
70;33;32
69;33;82
68;48;31
67;30;26
66;19;8
65;89;74
64;83;83
63;50;66
62;62;77
61;67;66
60;51;83
59;53;23
58;94;72
57;57;68
56;32;67
55;2;75
54;72;16
53;76;43
52;82;82
51;15;32
50;73;20
49;76;60
48;84;72
47;21;1
46;10;89
45;22;68
44;82;97
43;20;3
42;78;78
41;10;91
40;20;68
39;65;58
38;94;81
37;52;59
36;45;51
35;54;99
34;95;5
33;14;48
32;41;97
31;24;80
30;66;25
29;1;28
28;78;96
27;71;44
26;24;48
25;14;95
24;45;67
23;70;17
22;24;48
21;54;14
20;87;47
19;66;54
18;11;88
17;86;95
16;3;50
15;0;54
14;15;11
13;55;71
12;73;71
11;70;93
10;98;38
9;84;23
8;52;22
7;93;72
6;62;0
5;59;15
4;90;73
3;27;11
2;14;15
1;17;90
100;57;12
99;63;22
98;59;71
97;17;86
96;85;84
95;52;98
94;60;96
93;83;1
92;58;97
91;40;45
90;74;3
89;53;80
88;86;37
87;4;31
86;51;94
85;67;77
84;5;88
83;33;96
82;24;20
81;48;6
80;84;54
79;18;64
78;96;11
77;69;68
76;72;64
75;54;17
74;58;65
73;13;15
72;62;60
71;92;75
70;4;74
69;48;94
68;9;89
67;49;53
66;35;50
65;57;78
64;98;39
63;31;18
62;92;66
61;30;9
60;56;19
59;24;64
58;15;44
57;86;48
56;49;31
55;93;76
54;89;79
53;47;19
52;52;72
51;92;80
50;56;90
49;8;26
48;84;57
47;37;87
46;64;41
45;63;77
44;84;33
43;82;56
42;98;88
41;87;21
40;2;83
39;35;10
38;50;7
37;94;85
36;67;65
35;7;94
34;9;87
33;58;59
32;60;40
31;5;46
30;97;69
29;9;26
28;54;51
27;96;12
26;7;54
25;25;63
24;3;10
23;73;82
22;55;18
21;79;42
20;54;20
19;76;13
18;72;14
17;61;84
16;17;31
15;27;65
14;74;8
13;62;21
12;3;63
11;30;74
10;78;56
9;82;62
8;86;63
7;46;73
6;36;67
5;19;20
4;49;58
3;85;23
2;8;86
1;62;84
