300;130;96
299;72;50
298;19;58
297;184;34
296;179;61
295;268;27
294;65;93
293;115;29
292;103;47
291;104;87
290;194;35
289;56;1
288;252;76
287;265;61
286;284;68
285;68;49
284;130;74
283;40;22
282;278;93
281;131;49
280;33;16
279;45;11
278;205;60
277;297;63
276;229;34
275;152;32
274;211;2
273;216;15
272;103;52
271;139;52
270;60;52
269;114;68
268;196;18
267;170;86
266;248;53
265;207;4
264;139;77
263;79;58
262;144;19
261;149;2
260;192;43
259;55;78
258;195;39
257;279;9
256;141;85
255;83;87
254;277;64
253;254;90
252;267;66
251;215;55
250;23;21
249;274;4
248;209;2
247;83;1
246;188;15
245;209;62
244;289;11
243;151;12
242;210;90
241;188;87
240;199;90
239;185;88
238;270;35
237;216;28
236;114;96
235;86;4
234;279;86
233;140;54
232;67;78
231;158;75
230;297;24
229;111;87
228;30;24
227;11;5
226;207;52
225;207;83
224;287;22
223;270;5
222;96;6
221;141;53
220;119;47
219;108;4
218;96;25
217;7;95
216;188;57
215;24;61
214;242;14
213;163;84
212;7;90
211;179;13
210;43;58
209;239;23
208;15;92
207;6;63
206;142;38
205;197;75
204;269;96
203;56;77
202;163;29
201;199;48
200;131;5
199;138;19
198;227;9
197;162;92
196;153;12
195;142;30
194;146;85
193;102;48
192;201;9
191;254;15
190;16;78
189;125;61
188;161;77
187;292;89
186;297;4
185;188;50
184;4;13
183;125;30
182;58;44
181;107;80
180;272;87
179;247;26
178;111;76
177;283;14
176;103;49
175;287;14
174;116;17
173;147;18
172;257;79
171;113;80
170;171;33
169;162;29
168;85;7
167;10;39
166;123;69
165;250;44
164;48;49
163;180;43
162;74;72
161;147;68
160;272;62
159;61;38
158;53;42
157;125;18
156;121;8
155;156;42
154;129;33
153;289;82
152;198;97
151;259;23
150;182;37
149;214;97
148;198;51
147;290;88
146;72;25
145;50;63
144;193;33
143;53;48
142;178;16
141;218;98
140;141;64
139;285;25
138;121;38
137;180;60
136;71;23
135;86;51
134;86;43
133;237;57
132;87;1
131;298;3
130;147;70
129;21;5
128;209;84
127;90;36
126;122;48
125;212;99
124;129;76
123;101;52
122;208;0
121;169;2
120;233;55
119;137;0
118;156;62
117;230;65
116;110;100
115;265;10
114;23;97
113;60;85
112;297;31
111;72;2
110;118;61
109;254;67
108;122;46
107;236;9
106;257;31
105;71;0
104;144;1
103;5;84
102;82;13
101;32;8
100;105;58
99;162;93
98;155;44
97;171;94
96;3;38
95;197;83
94;169;27
93;70;81
92;61;11
91;201;36
90;244;25
89;143;63
88;101;73
87;164;9
86;95;66
85;295;87
84;266;90
83;66;38
82;119;24
81;13;92
80;63;94
79;99;17
78;149;39
77;281;72
76;107;60
75;136;89
74;147;40
73;172;99
72;219;51
71;136;8
70;282;66
69;292;73
68;168;62
67;171;80
66;223;24
65;33;94
64;68;81
63;26;16
62;205;26
61;78;75
60;260;95
59;94;59
58;245;82
57;58;20
56;184;83
55;97;59
54;8;71
53;19;62
52;2;65
51;168;88
50;285;67
49;100;90
48;283;47
47;45;33
46;180;61
45;288;6
44;232;54
43;190;99
42;59;18
41;248;97
40;173;25
39;64;24
38;288;96
37;21;27
36;296;83
35;286;2
34;205;90
33;244;50
32;282;24
31;19;20
30;232;43
29;95;59
28;289;24
27;117;26
26;289;84
25;285;97
24;262;35
23;34;48
22;255;22
21;130;42
20;153;20
19;78;21
18;48;24
17;106;28
16;54;49
15;210;86
14;213;39
13;160;8
12;293;70
11;128;85
10;32;97
9;31;57
8;159;57
7;280;87
6;56;72
5;143;38
4;141;77
3;90;67
2;3;80
1;66;43
